"97953",6.33,2.33,1.66,1.66,2.00,3.66,1.00,6.00,0.00
"97956",6.66,3.33,1.66,1.66,2.00,3.00,1.00,2.00,0.00
"97989B",6.66,2.33,1.66,1.66,2.00,3.33,1.00,6.00,0.00
"98102",6.33,2.00,1.66,2.00,2.00,3.00,1.00,6.00,0.00
"98311",6.33,2.00,1.66,2.00,2.00,3.00,1.00,6.00,0.00
"98312",6.33,2.00,1.66,2.00,2.00,3.00,1.00,6.00,0.00
"98313",6.33,2.00,1.66,2.00,2.00,3.00,1.00,6.00,0.00
"98314",6.33,2.00,1.66,2.00,2.00,3.00,1.00,6.00,0.00
"98315",6.66,2.00,1.66,2.00,2.00,3.00,1.00,6.00,0.00
"98323",6.66,2.00,1.66,2.00,2.00,3.00,1.00,6.00,0.00
"98502",6.00,1.66,1.66,1.66,2.00,3.00,1.00,6.00,0.00
"98702",6.33,2.00,1.66,1.66,2.00,3.00,1.00,6.00,0.00
"98705",6.66,1.66,1.66,1.66,2.00,3.00,1.00,6.00,0.00
"98799A",6.33,2.00,2.33,2.00,3.00,3.33,1.00,6.00,0.00
"98799B",6.66,1.66,1.66,1.66,2.00,3.33,1.00,6.00,0.00
"98902A",6.66,1.66,1.66,1.66,2.00,3.00,1.00,6.00,0.00
"98905",6.66,2.00,1.66,1.66,2.00,3.00,1.00,6.00,0.00
"98999A",6.66,1.66,1.66,1.66,1.66,2.66,1.00,0.00,0.00
"98999B",6.66,1.66,1.66,1.66,1.66,2.66,1.00,0.00,0.00
"92917",6.33,2.00,1.66,1.66,2.00,3.00,1.00,6.00,0.00
"92921",6.33,2.33,1.66,1.66,2.00,3.00,1.00,6.00,0.00
"92923",6.33,2.33,1.66,1.66,2.00,3.66,1.00,6.00,0.00
"92926",6.33,2.33,1.66,1.66,2.00,3.66,1.00,6.00,0.00
"92928",6.33,2.33,1.66,1.66,2.00,3.66,1.00,6.00,0.00
"92932",6.33,2.33,1.66,1.66,2.00,3.33,1.00,6.00,0.00
"92935",6.33,2.66,1.66,1.66,2.00,3.33,1.00,6.00,0.00
"92938",6.00,2.66,1.66,1.66,2.00,3.33,1.00,6.00,0.00
"92941A",6.33,2.00,1.66,1.66,2.00,3.33,1.00,6.00,0.00
"92941B",6.66,2.00,1.66,1.66,2.00,3.00,1.00,6.00,0.00
"92941D",6.66,2.00,1.66,1.66,2.00,3.33,1.00,6.00,0.00
"92944",6.66,2.00,1.66,1.66,2.00,3.33,1.00,6.00,0.00
"92947",6.33,2.00,1.66,1.66,2.00,3.33,1.00,6.00,0.00
"92951",6.33,2.33,1.66,1.66,2.00,3.33,1.00,6.00,0.00
"92953",6.33,2.33,1.66,1.66,2.00,3.66,1.00,6.00,0.00
"92956",6.33,2.00,1.66,1.66,2.00,3.66,1.00,6.00,0.00
"92958",6.33,2.00,1.66,1.66,2.00,3.66,1.00,6.00,0.00
"92962",6.33,2.33,1.66,1.66,2.00,3.33,1.00,6.00,0.00
"92965",6.66,2.00,1.66,1.66,2.00,3.66,1.00,6.00,0.00
"92968",6.33,2.00,1.66,1.66,2.00,3.00,1.00,6.00,0.00
"92971",6.33,2.00,1.66,1.66,2.00,3.00,1.00,6.00,0.00
"92974",6.33,2.00,1.66,1.66,2.00,3.00,1.00,6.00,0.00
"93102B",6.66,2.66,1.66,1.66,2.00,3.00,1.00,0.00,0.00
"93102C",6.66,2.66,1.66,1.66,2.00,3.00,1.00,0.00,0.00
"97305",6.66,2.66,1.66,2.00,2.33,4.33,1.00,6.00,0.00
"97308",6.66,2.00,1.66,1.66,2.33,3.66,1.00,6.00,0.00
"97311",6.00,2.33,1.66,1.66,2.00,4.00,1.00,6.00,0.00
"97314",6.33,2.00,2.00,3.33,3.00,4.33,1.00,6.00,0.00
"97317A",6.33,2.33,1.66,1.66,2.00,4.00,1.00,6.00,0.00
"97317B",6.33,2.33,1.66,1.66,2.00,4.00,1.00,6.00,0.00
"97399A",6.33,2.00,1.66,1.66,2.00,4.00,1.00,6.00,0.00
"97399B",6.33,2.33,1.66,1.66,2.00,4.00,1.00,6.00,0.00
"97502A",6.00,3.33,2.33,3.66,6.00,4.00,5.00,1.00,0.00
"97505",6.66,3.00,2.00,3.33,5.00,4.33,1.00,5.00,6.00
"97508",6.33,3.66,2.00,3.00,4.66,4.00,1.00,5.00,0.00
"97511",6.66,2.33,1.66,3.00,4.33,3.66,1.00,5.00,0.00
"97514",6.66,2.33,1.66,1.66,2.66,4.00,1.00,6.00,0.00
"97517",6.66,2.00,1.66,1.66,2.00,4.00,1.00,6.00,0.00
"97521",6.00,3.66,2.00,3.00,5.66,4.33,1.00,5.00,6.00
"97702B",6.66,4.33,2.00,3.00,5.00,4.00,1.00,5.00,2.00
"97702C",6.66,4.00,2.00,2.33,3.66,4.00,1.00,2.00,6.00
"97702D",6.33,4.33,2.00,4.33,4.00,4.00,1.00,2.00,4.00
"97702E",6.00,4.33,2.00,2.33,3.00,5.33,1.00,6.00,2.00
"97702H",6.33,4.66,2.00,2.33,3.00,4.66,1.00,6.00,2.00
"97702J",6.66,4.00,2.00,3.00,4.66,3.66,1.00,5.00,0.00
"97802",6.00,2.66,1.66,1.66,3.00,4.00,1.00,6.00,0.00
"97805",6.66,2.33,1.66,3.00,4.33,4.00,1.00,5.00,6.00
"97808",6.66,2.00,1.66,2.66,4.00,3.33,1.00,5.00,0.00
"97899A",6.66,2.66,1.66,2.00,3.33,3.33,1.00,0.00,0.00
"97902",6.66,2.33,1.66,1.66,2.33,3.33,1.00,6.00,0.00
"97905",6.66,2.33,1.66,1.66,2.66,3.00,1.00,0.00,0.00
"97908",6.66,2.66,1.66,1.66,2.00,3.66,1.00,6.00,0.00
"97911",6.33,2.33,2.00,2.33,3.00,4.66,1.00,6.00,0.00
"97914",6.66,3.33,1.66,1.66,2.00,3.33,1.00,2.00,6.00
"97917",6.66,2.66,1.66,1.66,2.33,3.33,1.00,6.00,0.00
"97921",6.66,2.66,1.66,1.66,2.00,3.33,1.00,6.00,0.00
"97923A",6.66,2.00,1.66,1.66,2.00,3.66,1.00,6.00,0.00
"97923B",5.66,2.00,1.66,1.66,2.00,3.66,1.00,6.00,0.00
"97926",6.66,2.00,1.66,1.66,2.00,3.33,1.00,6.00,0.00
"97928",6.66,2.00,1.66,1.66,2.00,3.33,1.00,6.00,0.00
"97932",6.66,2.00,1.66,1.66,2.00,3.33,1.00,6.00,0.00
"97935",6.66,2.00,1.66,1.66,2.00,3.33,1.00,6.00,0.00
"97938",6.66,2.00,1.66,1.66,2.00,3.33,1.00,6.00,0.00
"97941",6.66,2.00,1.66,1.66,2.00,3.33,1.00,6.00,0.00
"97944",6.66,2.00,1.66,1.66,2.00,3.33,1.00,6.00,0.00
"97947",6.66,2.00,1.66,1.66,2.33,3.33,1.00,6.00,0.00
"97951",6.00,2.33,1.66,1.66,2.00,3.66,1.00,6.00,0.00
"93921",6.33,2.00,1.66,1.66,2.00,3.33,1.00,6.00,0.00
"93923B",6.33,2.00,1.66,1.66,2.00,3.00,1.00,6.00,0.00
"93926B",6.66,2.00,1.66,1.66,2.00,2.66,1.00,0.00,0.00
"93926D",6.66,2.00,1.66,1.66,2.00,3.00,1.00,6.00,0.00
"93926E",6.66,2.00,2.00,1.66,2.00,2.66,1.00,0.00,0.00
"93928",6.66,2.00,2.00,1.66,2.00,2.66,1.00,0.00,0.00
"93932",6.66,2.00,1.66,1.66,2.00,3.00,1.00,6.00,0.00
"93935",6.66,2.00,1.66,1.66,2.00,3.00,1.00,6.00,0.00
"93938",6.66,1.66,1.66,1.66,2.00,3.00,1.00,6.00,0.00
"93941",6.66,2.00,1.66,1.66,2.00,3.00,1.00,6.00,0.00
"93944A",6.66,2.00,1.66,1.66,2.00,3.00,1.00,6.00,0.00
"93944D",6.66,2.00,1.66,1.66,2.00,2.33,1.00,0.00,0.00
"93947B",6.00,2.00,3.00,1.66,2.00,2.33,1.00,3.00,0.00
"93947E",6.66,2.00,2.33,1.66,2.00,2.66,1.00,0.00,0.00
"93951A",6.33,2.00,2.33,1.66,2.00,3.66,1.00,6.00,0.00
"93951B",6.33,2.00,3.33,1.66,2.00,3.00,1.00,3.00,0.00
"93951C",6.33,2.00,3.33,1.66,2.00,3.00,1.00,3.00,0.00
"93951D",6.33,2.00,3.33,1.66,2.00,3.00,1.00,3.00,0.00
"93953",6.66,2.00,2.00,1.66,2.00,2.66,1.00,0.00,0.00
"93956",6.66,2.00,1.66,1.66,2.00,3.00,1.00,6.00,0.00
"93997",6.66,2.33,2.00,1.66,2.00,3.33,1.00,6.00,0.00
"93998",6.66,2.00,1.66,1.66,2.00,3.33,1.00,6.00,0.00
"95002A",6.66,2.66,2.00,1.66,2.33,3.66,1.00,6.00,0.00
"95002B",6.00,2.33,1.66,1.66,2.33,4.00,1.00,6.00,0.00
"95005A",6.33,2.33,1.66,1.66,2.33,3.66,1.00,6.00,0.00
"95005B",6.33,2.33,1.66,1.66,2.33,3.66,1.00,6.00,0.00
"95008",6.33,3.00,2.00,1.66,2.66,4.00,1.00,6.00,0.00
"95011",6.66,2.33,1.66,1.66,2.66,4.00,1.00,6.00,0.00
"95014",6.33,4.33,2.00,1.66,2.66,4.00,1.00,2.00,6.00
"95017",6.00,2.66,1.66,1.66,2.00,4.33,1.00,6.00,0.00
"95021",6.33,2.66,1.66,1.66,2.33,3.66,1.00,6.00,0.00
"95023",6.33,2.66,1.66,1.66,2.33,3.66,1.00,6.00,0.00
"95026",5.66,2.66,2.00,1.66,2.33,4.00,1.00,6.00,0.00
"95028",5.33,2.66,2.00,1.66,2.33,4.33,1.00,6.00,0.00
"95032",6.33,2.33,1.66,1.66,2.33,4.33,1.00,6.00,0.00
"97102A",6.66,1.66,1.66,1.66,3.00,3.00,1.00,0.00,0.00
"97102B",6.66,1.66,1.66,1.66,2.66,3.00,1.00,6.00,0.00
"97105",6.66,1.66,1.66,1.66,2.66,3.66,1.00,6.00,0.00
"97108",6.66,2.00,1.66,4.00,3.00,3.66,1.00,4.00,6.00
"97111",6.66,2.00,1.66,4.66,3.00,3.33,1.00,4.00,0.00
"97114",6.66,2.00,1.66,3.33,3.66,3.33,1.00,5.00,0.00
"97117",5.00,2.00,2.00,4.00,6.00,3.00,5.00,1.00,4.00
"97302",6.33,2.00,2.00,3.00,5.33,4.33,1.00,5.00,6.00
"93102D",6.66,2.66,1.66,1.66,2.00,3.00,1.00,0.00,0.00
"93105",6.66,2.66,1.66,1.66,2.00,3.33,1.00,6.00,0.00
"93108",6.66,2.33,1.66,1.66,2.00,3.00,1.00,6.00,0.00
"93111A",6.66,2.66,1.66,1.66,2.00,3.00,1.00,0.00,0.00
"93111B",6.66,3.66,2.00,1.66,2.00,3.00,1.00,2.00,0.00
"93114",6.33,2.66,2.00,1.66,2.00,3.33,1.00,6.00,0.00
"93117",6.33,2.66,2.00,1.66,2.00,4.00,1.00,6.00,0.00
"93197A",6.33,2.33,2.33,1.66,2.00,3.00,1.00,0.00,0.00
"93902",6.33,2.33,2.00,1.66,2.00,3.33,1.00,6.00,0.00
"93905A",6.33,2.00,2.00,1.66,2.00,3.00,1.00,6.00,0.00
"93905B",6.66,2.66,2.00,1.66,2.00,3.66,1.00,6.00,0.00
"93905C",6.66,2.66,1.66,1.66,2.00,3.66,1.00,6.00,0.00
"93905D",6.66,2.33,1.66,1.66,2.00,3.66,1.00,6.00,0.00
"93908",6.66,2.00,1.66,1.66,2.00,2.66,1.00,0.00,0.00
"93914A",6.33,2.00,1.66,1.66,2.00,2.66,1.00,0.00,0.00
"93914B",6.66,2.33,1.66,1.66,2.00,3.66,1.00,6.00,0.00
"93914C",6.66,4.33,2.00,1.66,2.00,3.33,1.00,2.00,0.00
"93917A",6.66,2.00,1.66,1.66,2.00,3.00,1.00,6.00,0.00
"93917B",6.66,2.00,1.66,1.66,2.00,3.00,1.00,6.00,0.00
"13002A",2.00,3.00,2.00,3.66,7.00,5.66,5.00,6.00,0.00
"13002B",1.66,2.66,2.00,3.66,6.66,4.66,5.00,6.00,4.00
"13005A",1.66,2.66,2.66,5.00,6.33,4.00,5.00,4.00,6.00
"13005B",1.66,3.00,2.33,5.33,6.33,4.00,5.00,4.00,6.00
"13005C",1.66,2.66,2.00,5.33,6.33,4.33,5.00,4.00,6.00
"13005E",1.66,3.33,2.66,6.33,5.33,4.00,4.00,5.00,6.00
"13008",1.66,2.66,3.00,4.33,5.66,5.33,5.00,6.00,4.00
"13011A",2.00,3.33,6.33,4.00,5.33,3.66,3.00,5.00,0.00
"13011B",1.66,2.00,2.33,3.66,7.00,5.66,5.00,6.00,0.00
"13011C",2.00,2.00,3.00,3.33,6.33,5.66,5.00,6.00,0.00
"13011D",1.33,2.00,2.66,5.00,6.33,4.33,5.00,4.00,6.00
"13014A",3.00,2.33,2.00,3.33,6.33,6.00,5.00,6.00,0.00
"13014B",2.00,2.66,2.00,4.00,6.33,6.00,5.00,6.00,4.00
"13017A",5.00,5.00,2.33,2.66,6.33,4.66,5.00,1.00,2.00
"13017B",4.33,6.33,2.66,3.33,5.66,3.33,2.00,5.00,0.00
"13017C",4.33,5.00,2.00,3.00,6.00,5.66,5.00,6.00,2.00
"15002",3.33,2.33,2.33,4.33,6.33,5.00,5.00,6.00,4.00
"15005A",2.00,4.66,3.00,4.66,6.33,4.66,5.00,4.00,6.00
"15005B",2.00,4.33,3.66,6.66,5.66,3.00,4.00,5.00,2.00
"15008A",3.00,5.00,2.33,6.00,6.00,4.33,4.00,5.00,2.00
"15008B",2.00,4.00,3.00,5.33,6.33,3.66,5.00,4.00,0.00
"15011A",2.33,2.66,2.00,4.00,7.00,6.00,5.00,6.00,0.00
"15011B",3.33,2.00,2.00,3.00,6.33,6.00,5.00,6.00,0.00
"15011C",2.66,2.66,2.00,3.33,6.33,5.00,5.00,6.00,0.00
"15014",3.66,2.66,2.00,3.00,6.66,6.00,5.00,6.00,0.00
"15017A",4.33,2.33,2.66,2.33,6.33,4.66,5.00,6.00,1.00
"15017B",5.66,2.33,2.00,2.66,6.33,5.00,5.00,1.00,6.00
"15021A",5.33,2.33,1.66,3.00,6.33,4.66,5.00,1.00,6.00
"15021C",5.33,2.66,2.00,3.00,6.33,5.33,5.00,6.00,1.00
"15023A",3.66,2.33,1.66,2.66,6.33,6.00,5.00,6.00,0.00
"15023B",3.00,3.00,4.00,4.00,7.00,5.00,5.00,6.00,0.00
"15023C",4.33,2.00,1.66,3.00,6.33,5.00,5.00,6.00,1.00
"15023D",4.00,2.00,1.66,3.00,6.33,5.33,5.00,6.00,1.00
"15026A",3.00,1.66,2.00,4.66,6.33,5.00,5.00,6.00,4.00
"15026B",3.66,2.00,2.00,4.66,6.33,4.66,5.00,6.00,4.00
"15031",5.66,3.00,2.66,3.33,6.33,4.33,5.00,1.00,6.00
"15032",5.66,2.00,2.00,3.33,6.66,5.00,5.00,1.00,6.00
"19005A",2.00,3.00,2.33,5.00,6.66,5.66,5.00,6.00,4.00
"19005B",2.66,3.33,2.33,4.33,7.00,5.66,5.00,6.00,4.00
"19999A",2.66,2.00,3.66,4.33,6.66,5.00,5.00,6.00,4.00
"19999B",2.66,3.00,4.33,6.66,5.66,3.66,4.00,5.00,0.00
"19999C",2.00,2.33,2.00,4.00,6.66,5.33,5.00,6.00,4.00
"19999D",2.66,2.00,2.00,4.66,6.66,5.00,5.00,6.00,4.00
"19999E",3.66,2.33,2.66,3.33,7.00,5.33,5.00,6.00,0.00
"19999F",5.00,2.33,1.66,4.00,6.33,4.66,5.00,1.00,6.00
"21102",2.66,4.00,2.00,3.00,5.00,7.00,6.00,5.00,0.00
"21105",2.66,3.33,1.66,3.00,5.00,7.00,6.00,5.00,0.00
"21108",2.33,2.66,2.33,5.33,6.66,4.33,5.00,4.00,6.00
"21111",3.00,2.66,1.66,3.00,5.00,7.00,6.00,5.00,0.00
"21114A",2.66,3.66,1.66,2.66,4.66,7.00,6.00,5.00,0.00
"21114B",3.00,4.00,1.66,3.00,5.66,7.00,6.00,5.00,0.00
"21114C",4.33,4.33,2.00,2.66,4.33,7.00,6.00,5.00,1.00
"21117",3.66,3.00,2.00,3.00,5.66,6.66,6.00,5.00,0.00
"21199B",2.33,2.66,2.66,6.33,4.66,4.00,4.00,5.00,6.00
"21302",2.66,3.00,2.66,4.00,6.33,6.00,5.00,6.00,0.00
"21305A",4.66,2.66,2.00,3.00,6.33,5.33,5.00,6.00,1.00
"21308A",3.66,2.66,2.00,3.33,7.00,5.33,5.00,6.00,0.00
"21308B",5.00,5.00,1.66,2.33,4.33,6.00,6.00,1.00,2.00
"21308C",3.66,5.00,2.00,2.00,4.00,6.33,6.00,2.00,5.00
"21502",2.33,2.66,2.00,5.66,4.33,6.00,6.00,4.00,5.00
"21505",3.00,2.33,1.66,4.33,7.00,5.00,5.00,6.00,4.00
"21508",2.33,2.33,2.33,6.00,5.00,4.00,4.00,5.00,6.00
"21511A",2.66,6.00,2.00,4.00,4.33,5.66,2.00,6.00,5.00
"21511B",2.33,2.66,2.00,6.33,5.66,4.00,4.00,5.00,6.00
"21511C",2.33,2.66,2.33,6.66,4.66,3.66,4.00,5.00,0.00
"21511D",2.33,2.33,2.66,6.33,5.66,4.00,4.00,5.00,6.00
"21511E",2.66,3.00,2.66,5.66,6.66,3.66,5.00,4.00,0.00
"21511F",2.66,2.66,2.00,6.00,6.33,4.00,5.00,4.00,0.00
"21902",3.33,3.00,2.00,3.66,5.33,6.33,6.00,5.00,0.00
"21905",3.00,6.00,2.00,3.66,6.00,6.00,5.00,6.00,2.00
"21908A",5.33,5.00,2.33,2.33,4.00,6.33,6.00,1.00,2.00
"21908B",5.66,3.66,2.00,2.66,3.66,6.00,6.00,1.00,0.00
"21911A",2.66,5.33,2.33,5.00,4.00,4.00,2.00,4.00,6.00
"21911B",4.66,6.00,2.00,2.33,3.66,5.33,2.00,6.00,1.00
"21911C",4.33,4.00,2.00,3.33,5.00,6.33,6.00,5.00,1.00
"21911D",3.66,2.33,1.66,3.00,4.00,6.00,6.00,5.00,1.00
"21911E",4.00,3.00,2.00,5.33,4.66,5.33,6.00,4.00,5.00
"21911F",2.00,2.33,2.33,5.66,5.66,4.00,4.00,5.00,6.00
"21911H",2.66,3.33,2.00,4.33,6.00,4.66,5.00,6.00,4.00
"21911J",2.33,3.66,2.33,5.00,6.33,4.00,5.00,6.00,0.00
"21911K",5.66,5.00,2.00,2.33,3.66,4.33,1.00,2.00,6.00
"21911L",5.66,2.66,2.00,2.00,3.33,5.33,1.00,6.00,0.00
"21911M",4.00,3.66,2.00,4.00,5.66,4.33,5.00,6.00,0.00
"21911N",5.00,2.66,2.00,3.00,4.33,6.33,6.00,1.00,5.00
"21911P",4.33,6.00,2.00,3.00,3.66,4.66,2.00,6.00,1.00
"21911R",6.00,5.00,2.00,2.66,3.00,4.00,1.00,2.00,6.00
"21911T",5.33,4.33,2.00,2.33,3.00,5.00,1.00,6.00,2.00
"21914",2.66,2.66,1.66,2.33,5.33,6.33,6.00,5.00,0.00
"21917",3.00,3.00,1.66,2.33,5.00,6.33,6.00,5.00,0.00
"21921",2.00,2.66,2.00,3.33,4.00,6.00,6.00,5.00,0.00
"21999A",4.66,6.00,2.33,2.33,2.66,4.33,2.00,1.00,6.00
"21999B",2.00,4.33,3.00,4.00,5.66,5.33,5.00,6.00,2.00
"21999C",2.66,2.66,2.33,3.66,5.33,6.66,6.00,5.00,0.00
"21999D",3.00,2.00,2.66,3.66,5.66,5.33,5.00,6.00,0.00
"21999F",3.00,2.00,2.66,4.00,6.00,5.33,5.00,6.00,4.00
"21999G",2.66,2.66,2.00,5.00,6.00,5.00,5.00,6.00,4.00
"21999H",3.33,2.66,2.00,3.33,5.00,6.66,6.00,5.00,0.00
"22102",6.33,6.66,3.33,2.00,3.00,4.00,2.00,1.00,0.00
"22105A",6.33,6.33,3.33,2.00,2.66,3.66,2.00,1.00,0.00
"22105B",5.66,6.33,2.66,1.66,2.66,4.00,2.00,1.00,6.00
"22105C",6.33,6.00,2.66,2.33,2.33,3.33,1.00,2.00,0.00
"22105D",5.66,6.00,2.66,2.00,2.66,3.33,2.00,1.00,0.00
"22108",6.33,6.33,2.33,2.33,3.66,4.00,2.00,1.00,0.00
"22111",6.66,5.66,2.33,2.66,3.33,3.33,1.00,2.00,0.00
"22114",5.66,6.66,2.66,2.66,3.00,3.66,2.00,1.00,0.00
"22117",5.66,6.66,2.66,2.00,2.66,4.00,2.00,1.00,0.00
"22121",6.66,5.66,3.00,2.66,3.00,4.00,1.00,2.00,0.00
"22123",6.00,6.00,2.33,2.66,3.00,4.00,2.00,1.00,0.00
"22126A",6.33,6.33,2.33,2.33,3.33,3.66,2.00,1.00,0.00
"22126B",6.33,6.66,2.66,2.33,3.33,3.66,2.00,1.00,0.00
"22127",6.33,6.33,2.33,2.00,3.33,5.00,2.00,1.00,6.00
"22128",4.66,5.33,2.33,3.33,6.00,4.00,5.00,2.00,1.00
"22132A",4.00,5.66,2.00,4.00,5.33,4.00,2.00,5.00,0.00
"22132B",4.00,6.00,2.00,3.66,5.00,4.33,2.00,5.00,6.00
"22132C",5.00,6.00,2.00,3.00,3.33,4.00,2.00,1.00,6.00
"22135",6.66,5.33,2.66,2.66,3.33,3.66,1.00,2.00,0.00
"22138",6.00,5.66,2.33,2.33,2.66,4.00,1.00,2.00,6.00
"22197",5.33,6.33,3.33,2.33,2.33,3.66,2.00,1.00,0.00
"22302",5.33,5.00,6.33,3.00,4.00,3.33,3.00,1.00,2.00
"22305",6.00,5.33,4.00,2.33,3.33,3.33,1.00,2.00,0.00
"22308",6.00,5.00,6.00,3.00,3.66,3.33,3.00,1.00,2.00
"22311A",4.66,4.66,4.33,2.00,2.33,5.66,6.00,1.00,2.00
"22311B",4.33,6.33,2.66,3.00,5.33,4.00,2.00,5.00,0.00
"22502",6.33,5.33,2.33,2.00,2.66,4.00,1.00,2.00,6.00
"22505A",7.00,5.33,2.66,2.33,3.00,4.00,1.00,2.00,0.00
"22505B",6.66,4.66,3.00,2.33,3.00,5.00,1.00,6.00,2.00
"22505C",6.66,5.00,2.66,2.33,3.33,3.33,1.00,2.00,0.00
"22508",3.33,6.00,2.33,2.66,2.66,5.00,2.00,6.00,0.00
"22511",6.66,6.00,2.66,2.00,2.33,3.66,1.00,2.00,0.00
"22514A",6.00,3.66,4.33,2.33,2.33,4.00,1.00,3.00,6.00
"22514B",6.33,5.00,3.00,2.00,2.00,5.33,1.00,6.00,2.00
"22514C",6.00,3.66,3.66,2.33,2.66,4.66,1.00,6.00,0.00
"22514D",6.33,4.33,3.33,2.00,2.00,5.33,1.00,6.00,2.00
"22517",4.66,4.33,2.00,2.00,2.33,6.00,6.00,1.00,2.00
"22521A",6.33,4.33,3.00,2.00,2.66,5.33,1.00,6.00,2.00
"22521B",5.33,3.66,2.66,2.00,2.00,6.33,6.00,1.00,0.00
"22599A",6.33,4.00,5.00,2.00,3.66,3.66,1.00,3.00,0.00
"22599B",6.00,5.33,2.33,2.00,2.66,4.33,1.00,2.00,6.00
"22599C",5.33,6.33,2.33,2.00,2.33,4.00,2.00,1.00,6.00
"22599D",6.33,4.33,4.00,2.00,2.33,5.00,1.00,6.00,2.00
"22599E",5.00,6.00,2.33,2.00,2.33,4.00,2.00,1.00,6.00
"22599F",5.00,6.00,2.33,2.00,2.33,4.00,2.00,1.00,6.00
"24102A",5.00,7.00,3.66,2.00,2.00,4.66,2.00,1.00,6.00
"24102B",5.33,7.00,3.66,2.00,2.00,4.33,2.00,1.00,6.00
"24105",6.00,7.00,3.00,2.00,2.00,4.66,2.00,1.00,6.00
"24108",5.66,7.00,3.00,3.00,2.66,3.66,2.00,1.00,0.00
"24111A",6.00,7.00,3.00,2.00,2.33,4.00,2.00,1.00,0.00
"24111B",5.66,7.00,3.00,2.00,2.66,4.00,2.00,1.00,0.00
"24199A",5.33,6.66,3.00,2.00,2.33,3.66,2.00,1.00,0.00
"24199B",5.33,7.00,2.66,2.00,2.33,3.66,2.00,1.00,0.00
"24199C",5.66,7.00,2.66,2.00,2.33,3.66,2.00,1.00,0.00
"24302A",6.33,5.66,2.33,2.33,3.00,3.00,1.00,2.00,0.00
"24302B",5.33,6.00,2.33,2.00,2.33,4.00,2.00,1.00,6.00
"24302C",5.00,6.00,2.33,2.00,2.33,3.66,2.00,1.00,6.00
"24302D",5.33,6.33,2.33,2.00,2.33,3.33,2.00,1.00,0.00
"24302E",5.00,4.00,3.33,5.66,3.33,2.33,4.00,1.00,0.00
"24305A",5.66,7.00,2.33,2.33,3.00,3.66,2.00,1.00,0.00
"24305B",5.66,7.00,2.33,2.00,3.00,4.00,2.00,1.00,0.00
"24305C",6.00,6.66,2.66,2.00,3.00,4.00,2.00,1.00,0.00
"24305D",6.00,7.00,2.33,2.00,2.66,3.66,2.00,1.00,0.00
"24308A",5.00,7.00,3.00,2.00,2.00,3.66,2.00,1.00,0.00
"24308B",5.00,7.00,3.33,2.00,2.33,3.66,2.00,1.00,0.00
"24308C",5.00,7.00,3.33,2.00,2.33,4.00,2.00,1.00,0.00
"24308D",5.33,7.00,3.00,2.00,2.33,3.33,2.00,1.00,0.00
"24308E",5.66,7.00,2.33,2.00,2.00,3.33,2.00,1.00,0.00
"24308F",5.00,7.00,3.00,2.33,2.00,3.33,2.00,1.00,0.00
"24308G",5.33,7.00,2.66,2.00,2.00,3.33,2.00,1.00,0.00
"24308H",5.00,7.00,2.66,2.33,2.00,3.33,2.00,1.00,0.00
"24308J",4.66,7.00,3.00,3.00,2.33,3.33,2.00,1.00,0.00
"24311",4.66,6.33,3.00,4.33,3.33,3.33,2.00,1.00,4.00
"24502A",4.66,6.00,2.66,2.00,2.33,3.00,2.00,1.00,0.00
"24502B",6.33,4.66,2.00,2.00,2.33,3.66,1.00,2.00,6.00
"24502C",6.33,4.33,2.00,2.33,2.33,4.00,1.00,2.00,6.00
"24502D",6.33,4.00,3.00,2.66,2.33,3.66,1.00,2.00,0.00
"24505A",6.33,5.33,2.33,2.00,2.00,4.00,1.00,2.00,6.00
"24505B",6.33,5.33,2.33,2.00,2.33,4.00,1.00,2.00,6.00
"24505C",6.33,5.00,2.00,2.00,2.33,3.66,1.00,2.00,6.00
"24505D",6.33,4.00,2.33,2.00,2.33,3.66,1.00,2.00,6.00
"24505E",5.66,6.33,2.00,2.00,2.33,3.33,2.00,1.00,0.00
"24508A",6.66,4.00,2.00,2.33,2.33,3.00,1.00,2.00,0.00
"24508B",6.33,5.00,2.00,2.00,2.00,3.00,1.00,2.00,0.00
"24511B",6.33,4.00,2.00,2.00,2.33,5.00,1.00,6.00,2.00
"24511E",6.33,4.66,2.00,2.00,2.00,3.33,1.00,2.00,0.00
"24599A",5.00,6.00,2.00,2.00,2.00,3.33,2.00,1.00,0.00
"24599B",5.33,6.00,2.00,2.33,3.33,5.66,2.00,6.00,1.00
"24599C",6.00,5.00,2.00,2.00,2.66,5.33,1.00,6.00,2.00
"25102",4.66,5.66,2.33,2.00,3.33,5.00,2.00,6.00,1.00
"25103A",4.00,5.66,2.33,3.33,3.00,4.33,2.00,6.00,1.00
"25103B",5.00,6.00,2.66,2.00,3.33,6.00,2.00,6.00,1.00
"25104",4.66,5.33,2.33,3.66,3.00,5.33,2.00,6.00,1.00
"25105",4.66,6.00,2.33,2.00,2.33,4.33,2.00,1.00,6.00
"25111",6.00,5.00,2.00,2.00,2.66,5.66,1.00,6.00,2.00
"25199A",4.33,6.00,2.33,2.33,3.66,3.66,2.00,1.00,0.00
"25302",4.66,6.33,2.00,2.66,4.33,5.33,2.00,6.00,1.00
"25312",3.66,6.33,2.66,2.00,3.00,6.00,2.00,6.00,0.00
"25313",4.00,5.33,2.00,2.00,3.66,7.00,6.00,2.00,0.00
"25315",2.66,6.00,2.00,3.33,4.66,5.00,2.00,6.00,5.00
"25319A",3.66,7.00,4.00,2.00,2.66,4.66,2.00,6.00,0.00
"25319B",3.33,6.00,2.00,2.33,2.66,5.00,2.00,6.00,0.00
"25323",4.33,6.66,2.33,2.00,2.33,4.33,2.00,1.00,6.00
"27102A",3.33,6.33,2.66,3.33,4.66,4.33,2.00,5.00,6.00
"27102B",3.00,6.00,2.66,2.66,5.00,4.00,2.00,5.00,6.00
"27105",3.00,6.00,3.66,3.33,5.33,3.66,2.00,5.00,0.00
"27108A",2.33,6.66,4.00,5.33,2.00,3.00,2.00,4.00,3.00
"27108C",3.00,7.00,3.66,3.66,2.00,4.00,2.00,6.00,0.00
"27108D",2.33,7.00,3.66,5.33,2.33,2.66,2.00,4.00,0.00
"27108E",2.66,6.66,4.00,4.66,2.00,2.66,2.00,4.00,3.00
"27108G",2.00,6.33,5.00,4.66,3.00,3.00,2.00,3.00,4.00
"27108H",2.00,5.66,4.66,6.66,2.66,3.33,4.00,2.00,3.00
"27108J",2.00,6.00,4.33,4.00,5.00,2.66,2.00,5.00,3.00
"27199A",2.33,6.33,4.00,3.33,3.66,3.33,2.00,3.00,0.00
"27199B",2.00,6.66,4.33,4.33,2.66,3.33,2.00,3.00,4.00
"27199C",2.00,6.66,4.33,4.66,2.00,3.33,2.00,4.00,3.00
"27199D",2.00,6.66,4.66,4.33,2.00,3.00,2.00,3.00,4.00
"27199E",2.00,6.33,5.00,3.66,2.66,3.33,2.00,3.00,0.00
"27199F",2.00,6.33,3.00,3.00,5.33,4.00,2.00,5.00,0.00
"27199G",2.00,6.33,3.33,4.00,3.33,4.66,2.00,6.00,0.00
"27199H",4.66,6.66,4.00,3.00,3.00,4.00,2.00,1.00,0.00
"27302",2.33,4.33,4.00,7.00,3.33,3.33,4.00,2.00,0.00
"27305A",2.66,3.33,4.00,7.00,4.33,4.00,4.00,5.00,0.00
"27305B",2.66,3.33,4.00,7.00,4.00,3.66,4.00,0.00,0.00
"27305C",3.33,2.66,2.66,6.66,3.33,4.33,4.00,6.00,0.00
"27307",3.00,2.33,3.33,7.00,3.33,4.33,4.00,6.00,0.00
"27308",2.66,2.33,3.66,6.66,3.33,4.66,4.00,6.00,0.00
"27311",4.66,2.00,4.66,7.00,3.00,3.66,4.00,3.00,1.00
"27502",2.33,3.00,4.33,7.00,4.33,3.33,4.00,3.00,5.00
"27505",2.33,3.00,4.33,6.66,4.66,3.66,4.00,5.00,3.00
"28102",2.00,3.66,3.33,5.33,6.33,3.66,5.00,4.00,0.00
"28105",2.00,4.00,3.00,5.33,6.33,4.00,5.00,4.00,0.00
"28108",3.00,4.00,3.00,4.00,6.66,4.33,5.00,6.00,0.00
"28302",2.00,4.00,3.66,4.33,5.66,5.00,5.00,6.00,4.00
"28305",2.00,3.66,3.66,4.00,5.33,5.00,5.00,6.00,0.00
"28308",2.66,3.66,2.66,2.33,4.33,6.66,6.00,5.00,0.00
"28311",2.33,4.00,2.33,2.33,4.00,7.00,6.00,5.00,2.00
"31114",3.33,5.66,3.66,6.33,3.66,3.00,4.00,2.00,0.00
"31117",2.66,5.00,4.33,6.00,2.33,5.00,4.00,2.00,6.00
"31202",3.00,6.00,3.66,5.00,2.33,2.66,2.00,4.00,0.00
"31204",4.66,6.00,3.66,5.66,3.00,3.66,2.00,4.00,1.00
"31206",4.66,6.00,3.66,5.66,3.00,3.66,2.00,4.00,1.00
"31210",2.33,5.33,4.00,6.00,3.00,2.66,4.00,2.00,3.00
"31212",3.00,6.00,3.33,4.66,2.66,2.66,2.00,4.00,0.00
"31216",2.00,4.33,6.00,5.33,3.00,2.66,3.00,4.00,2.00
"31218",3.00,4.33,6.66,5.66,2.00,2.33,3.00,4.00,2.00
"31222",5.33,6.00,3.33,5.33,3.00,3.00,2.00,1.00,4.00
"31224",4.66,6.00,3.33,5.33,2.66,5.33,2.00,4.00,6.00
"31226",3.33,6.00,3.00,3.33,2.66,4.00,2.00,6.00,0.00
"31303",3.00,4.00,5.00,7.00,2.66,4.00,4.00,3.00,0.00
"31304",3.00,4.00,5.00,7.00,2.66,3.66,4.00,3.00,0.00
"31305",3.00,4.66,4.66,7.00,3.00,4.00,4.00,3.00,2.00
"31308",3.00,4.33,4.33,7.00,3.00,3.66,4.00,3.00,2.00
"31311A",4.33,4.00,4.00,7.00,3.00,3.66,4.00,0.00,0.00
"31311B",3.66,4.00,4.33,7.00,2.66,3.33,4.00,3.00,0.00
"31311C",3.33,4.00,4.33,7.00,2.66,3.33,4.00,3.00,0.00
"31311D",3.33,4.66,4.33,7.00,3.00,3.66,4.00,2.00,0.00
"31311E",4.00,4.33,3.66,7.00,3.00,2.66,4.00,2.00,0.00
"31314",5.00,3.66,3.00,6.66,4.00,3.33,4.00,1.00,0.00
"31317",3.33,3.66,5.00,6.66,3.33,3.66,4.00,3.00,0.00
"31321",5.00,3.00,3.00,6.00,4.33,3.33,4.00,1.00,5.00
"31323",5.00,3.66,2.66,6.33,4.66,4.00,4.00,1.00,5.00
"31502A",2.66,4.00,6.00,3.66,3.66,5.00,3.00,6.00,0.00
"31502B",2.33,5.00,4.33,4.00,3.66,5.00,2.00,6.00,3.00
"31505",3.33,3.33,3.33,4.33,2.00,6.00,6.00,4.00,0.00
"31508",3.66,3.00,3.66,4.33,3.33,5.00,6.00,4.00,0.00
"31511A",3.33,5.66,6.00,4.00,4.66,4.00,3.00,2.00,0.00
"31511B",2.33,6.00,3.66,3.66,2.66,5.33,2.00,6.00,0.00
"31511C",3.33,6.00,5.00,3.66,3.00,3.66,2.00,3.00,0.00
"31511D",5.33,4.33,6.33,3.33,3.33,3.66,3.00,1.00,0.00
"31511E",4.66,3.33,4.66,5.66,3.00,2.66,4.00,3.00,1.00
"31514",2.66,3.66,4.33,6.66,4.00,4.00,4.00,3.00,0.00
"31517A",2.33,4.33,4.00,6.66,4.33,3.66,4.00,5.00,2.00
"31517B",2.66,3.66,3.33,6.00,3.66,4.66,4.00,6.00,0.00
"31517C",4.66,6.00,2.66,3.33,4.33,3.66,2.00,1.00,5.00
"31517D",3.66,5.66,4.66,6.00,4.00,3.66,4.00,2.00,0.00
"31521",3.33,3.00,3.66,6.66,3.00,4.33,4.00,6.00,0.00
"32102A",4.33,7.00,3.33,4.66,4.66,3.66,2.00,0.00,0.00
"32102B",4.33,7.00,3.33,4.66,4.33,3.66,2.00,4.00,0.00
"32102E",3.00,6.33,4.33,4.33,3.66,3.00,2.00,3.00,4.00
"32102F",5.00,6.00,3.33,4.00,3.00,3.66,2.00,1.00,0.00
"32102J",5.33,7.00,4.00,4.66,3.66,3.66,2.00,1.00,0.00
"32102U",5.00,7.00,4.00,4.00,3.00,4.00,2.00,1.00,0.00
"32105A",4.66,7.00,3.66,4.00,3.00,3.66,2.00,1.00,0.00
"32105B",5.33,7.00,3.33,4.66,3.66,3.33,2.00,1.00,4.00
"32105D",5.33,7.00,3.66,5.00,3.66,3.33,2.00,1.00,4.00
"32105F",4.33,6.33,3.33,4.00,3.00,3.33,2.00,1.00,0.00
"32105G",5.33,6.66,4.00,5.00,4.00,3.33,2.00,1.00,4.00
"32108",5.66,6.66,3.66,4.66,4.00,3.66,2.00,1.00,0.00
"32111",4.00,5.66,3.33,6.33,4.00,3.00,4.00,2.00,0.00
"32113",5.33,6.00,4.00,5.00,4.00,3.33,2.00,1.00,4.00
"32114A",5.00,7.00,3.66,3.33,3.33,4.00,2.00,1.00,0.00
"32114B",5.33,6.66,3.66,3.66,3.66,3.00,2.00,1.00,0.00
"32114C",5.00,6.00,2.33,3.00,3.00,4.00,2.00,1.00,6.00
"32302",5.00,6.00,4.00,4.66,3.00,3.00,2.00,1.00,4.00
"32305",4.66,4.33,4.00,6.66,3.00,3.00,4.00,1.00,0.00
"32308",5.66,4.66,3.33,6.33,2.66,3.00,4.00,1.00,2.00
"32311A",5.33,3.33,4.00,6.33,2.00,2.66,4.00,1.00,0.00
"32311B",4.66,4.00,3.33,6.33,2.00,2.66,4.00,1.00,2.00
"32314",4.00,5.66,3.66,6.66,2.66,2.66,4.00,2.00,0.00
"32317",4.66,3.00,5.00,7.00,3.00,3.00,4.00,3.00,1.00
"32399A",5.33,4.66,3.66,6.00,3.33,3.33,4.00,1.00,2.00
"32399B",4.33,3.33,3.66,6.66,2.33,3.00,4.00,1.00,0.00
"32502",4.00,5.00,3.66,6.66,3.00,3.66,4.00,2.00,0.00
"32505",4.66,4.33,3.00,7.00,2.66,3.66,4.00,1.00,2.00
"32508",5.00,4.33,3.00,6.33,3.00,3.33,4.00,1.00,2.00
"32511",4.00,6.33,4.33,5.33,3.66,3.33,2.00,4.00,0.00
"32514",4.66,3.33,3.00,4.00,6.00,5.00,5.00,6.00,1.00
"32517",4.66,6.33,3.00,3.00,4.00,6.00,2.00,6.00,1.00
"32518",5.00,4.00,2.33,3.66,3.66,6.00,6.00,1.00,0.00
"32521",4.33,6.00,3.00,4.66,5.00,3.66,2.00,5.00,4.00
"32523",5.00,4.66,3.00,5.66,3.33,3.66,4.00,1.00,2.00
"32902",5.00,6.00,3.00,3.66,3.00,3.66,2.00,1.00,0.00
"32905",5.00,4.66,2.66,2.66,3.00,4.00,1.00,2.00,6.00
"32908",4.33,3.66,2.66,6.00,4.00,5.00,4.00,6.00,0.00
"32911",4.00,3.00,2.33,3.00,3.00,6.66,6.00,0.00,0.00
"32913",5.00,4.66,2.66,6.00,3.00,4.00,4.00,1.00,2.00
"32914",5.00,5.66,3.00,3.66,3.00,3.66,2.00,1.00,0.00
"32919",6.00,5.00,2.00,4.00,2.66,3.00,1.00,2.00,4.00
"32921",6.00,4.00,2.00,3.00,3.00,5.00,1.00,6.00,2.00
"32923",5.00,5.66,2.00,4.00,2.66,3.66,2.00,1.00,4.00
"32925",5.33,5.66,2.00,4.00,3.00,3.33,2.00,1.00,4.00
"32926",5.33,5.66,2.00,4.00,3.00,3.66,2.00,1.00,0.00
"32928",6.00,3.66,2.33,4.33,2.66,4.00,1.00,4.00,6.00
"32931",4.00,3.66,3.33,6.33,2.66,3.33,4.00,1.00,0.00
"32996A",2.33,3.00,2.66,5.00,6.00,4.00,5.00,4.00,6.00
"32996B",2.33,3.33,2.66,6.33,5.00,4.00,4.00,5.00,0.00
"32996C",2.33,4.33,2.66,6.33,5.00,3.66,4.00,5.00,2.00
"32999A",4.33,4.66,2.66,6.33,3.00,3.00,4.00,2.00,1.00
"32999B",5.00,4.33,2.33,6.00,2.66,3.66,4.00,1.00,2.00
"32999C",5.00,3.33,2.33,6.00,3.33,3.66,4.00,1.00,0.00
"32999D",5.33,4.00,2.33,4.33,2.66,3.66,1.00,4.00,2.00
"32999E",5.00,4.66,2.66,5.66,2.66,3.66,4.00,1.00,2.00
"34002A",2.33,4.33,6.66,4.00,4.66,2.66,3.00,5.00,2.00
"34002B",2.00,3.66,6.66,3.33,2.66,2.33,3.00,2.00,0.00
"34002C",2.00,3.33,6.66,3.00,3.00,2.33,3.00,0.00,0.00
"34002D",2.33,3.66,6.00,4.66,4.66,3.66,3.00,4.00,5.00
"34002E",2.33,3.33,5.33,3.66,6.33,4.33,5.00,3.00,6.00
"34002F",2.33,2.33,5.66,3.66,6.00,3.66,3.00,5.00,0.00
"34002G",2.33,3.00,6.00,3.66,6.00,3.00,3.00,5.00,0.00
"34002H",2.00,4.33,6.00,4.33,4.00,4.00,3.00,4.00,2.00
"34002J",2.00,3.33,5.00,4.00,3.00,4.00,3.00,4.00,6.00
"34002L",2.00,3.00,6.00,4.00,5.00,3.00,3.00,5.00,4.00
"34002M",2.00,6.00,5.00,3.00,3.00,4.00,2.00,3.00,6.00
"34005",3.33,5.00,6.00,3.00,3.33,3.33,3.00,2.00,0.00
"34008",2.00,3.00,5.00,4.33,6.00,3.00,5.00,3.00,4.00
"34011",2.00,5.33,6.33,3.33,4.33,3.33,3.00,2.00,5.00
"34014",2.66,4.00,6.66,5.00,4.33,3.00,3.00,4.00,0.00
"34017",2.66,3.66,6.00,5.66,5.33,3.00,3.00,4.00,5.00
"34021",2.66,2.00,4.66,6.00,4.33,3.00,4.00,3.00,5.00
"34023A",4.33,2.66,6.66,3.66,4.00,2.66,3.00,1.00,0.00
"34023B",4.66,4.33,6.00,3.00,3.00,2.66,3.00,1.00,2.00
"34026",5.00,3.00,6.00,3.00,3.66,3.00,3.00,1.00,0.00
"34028B",6.33,3.33,4.00,3.00,3.00,3.33,1.00,3.00,0.00
"34028C",6.66,3.66,3.66,2.66,3.00,3.00,1.00,0.00,0.00
"34032",3.66,3.66,6.66,3.33,4.00,2.66,3.00,0.00,0.00
"34035A",4.33,3.33,5.66,3.00,3.33,2.33,3.00,1.00,0.00
"34035B",4.66,3.00,6.66,3.66,3.66,2.33,3.00,1.00,0.00
"34035C",4.00,3.00,6.66,3.33,4.33,3.33,3.00,5.00,0.00
"34035D",4.00,2.66,6.66,4.00,4.33,2.66,3.00,5.00,0.00
"34035E",5.66,3.33,6.66,3.33,3.00,2.33,3.00,1.00,0.00
"34038A",4.33,3.00,6.66,3.66,5.66,2.33,3.00,5.00,0.00
"34038B",5.00,3.66,6.66,2.33,4.66,2.33,3.00,1.00,5.00
"34038C",5.00,3.66,6.66,2.33,3.33,2.66,3.00,1.00,0.00
"34038D",5.00,3.33,6.66,3.00,4.33,2.66,3.00,1.00,5.00
"34038E",3.66,3.00,6.66,3.33,4.66,3.00,3.00,5.00,0.00
"34038F",5.00,2.66,6.66,2.66,4.33,2.66,3.00,1.00,5.00
"34041",4.33,3.33,6.66,3.66,5.33,3.00,3.00,5.00,0.00
"34044",5.66,3.00,6.00,3.00,4.66,2.66,3.00,1.00,5.00
"34047A",2.66,2.66,6.66,4.33,4.33,2.33,3.00,4.00,5.00
"34047B",2.66,3.33,6.66,3.00,2.66,3.33,3.00,0.00,0.00
"34047C",2.33,2.66,6.66,3.66,4.66,2.33,3.00,5.00,0.00
"34047E",2.33,3.00,6.66,3.33,3.66,3.00,3.00,0.00,0.00
"34047F",2.00,2.66,5.33,4.00,4.33,4.66,3.00,6.00,5.00
"34051",3.66,3.33,6.66,3.66,3.66,2.66,3.00,0.00,0.00
"34053A",4.00,2.66,6.66,4.00,3.66,2.33,3.00,4.00,1.00
"34053B",3.66,3.33,6.66,5.00,4.66,3.00,3.00,4.00,5.00
"34056A",2.66,3.00,6.66,4.33,5.00,2.66,3.00,5.00,4.00
"34056B",3.66,2.00,6.00,3.66,3.66,2.66,3.00,0.00,0.00
"34056D",4.33,2.66,6.00,4.00,5.00,3.00,3.00,5.00,1.00
"34056E",6.33,2.00,4.66,4.33,5.00,2.00,1.00,5.00,3.00
"34056F",3.00,2.66,6.00,4.00,5.00,3.33,3.00,5.00,0.00
"34056G",3.66,2.66,6.66,4.33,5.66,3.33,3.00,5.00,0.00
"34056H",3.00,2.33,5.00,4.00,6.33,4.00,5.00,3.00,0.00
"34056J",2.33,2.33,6.33,5.00,6.00,3.33,3.00,5.00,4.00
"34056K",6.00,3.33,5.00,3.66,4.66,3.66,1.00,3.00,5.00
"34058A",5.00,2.00,2.33,4.00,6.00,3.00,5.00,1.00,4.00
"34058B",5.33,4.00,2.33,5.66,4.00,2.33,4.00,1.00,0.00
"34058C",5.00,2.00,3.00,4.00,6.00,2.66,5.00,1.00,4.00
"34058E",6.33,2.33,2.00,3.33,5.33,3.66,1.00,5.00,0.00
"34058F",6.33,2.00,2.33,3.00,5.00,2.00,1.00,5.00,0.00
"34058G",6.33,2.00,2.33,3.33,3.33,2.66,1.00,0.00,0.00
"34058L",5.66,2.00,2.00,3.66,4.66,5.66,5.00,4.00,1.00
"39002",5.00,3.00,2.00,3.00,4.33,6.33,6.00,1.00,5.00
"39005",6.33,5.33,2.00,3.00,2.66,4.33,1.00,2.00,6.00
"39008",6.33,3.33,2.33,2.66,3.66,4.33,1.00,6.00,0.00
"39011",3.33,2.66,3.00,5.33,6.33,4.33,5.00,4.00,6.00
"39014",6.00,3.33,3.00,2.66,3.00,4.00,1.00,6.00,0.00
"39999A",2.33,4.33,5.33,5.00,3.00,4.00,3.00,4.00,2.00
"39999B",2.66,2.66,4.00,4.33,6.66,4.00,5.00,4.00,0.00
"39999C",3.00,4.00,2.33,2.66,3.33,6.33,6.00,2.00,0.00
"39999D",6.33,4.00,4.33,2.33,3.00,3.33,1.00,3.00,2.00
"39999E",6.66,3.66,4.00,2.00,3.66,3.66,1.00,0.00,0.00
"39999G",3.00,5.00,2.00,4.00,3.33,6.00,6.00,2.00,4.00
"41002",2.66,3.33,3.33,4.33,6.66,5.66,5.00,6.00,0.00
"43002",2.33,2.33,2.00,5.33,6.66,4.33,5.00,4.00,6.00
"43008",3.66,2.33,2.66,5.00,6.66,5.00,5.00,4.00,6.00
"43011",4.33,2.66,2.66,4.33,6.33,4.66,5.00,6.00,4.00
"43014A",2.33,3.33,2.33,4.00,6.66,5.33,5.00,6.00,0.00
"43014B",2.33,3.00,2.33,4.33,6.66,5.00,5.00,6.00,4.00
"43017",2.33,3.00,2.66,4.33,6.66,4.66,5.00,6.00,4.00
"43021",2.66,2.66,4.00,5.00,6.33,4.66,5.00,4.00,6.00
"43023A",2.66,2.00,2.66,4.00,6.66,4.66,5.00,6.00,4.00
"43023B",2.33,2.00,3.66,4.00,6.66,4.00,5.00,4.00,6.00
"43099A",2.66,2.00,3.00,4.66,6.66,4.66,5.00,4.00,6.00
"43099B",2.00,2.66,3.33,5.33,6.66,4.33,5.00,4.00,6.00
"49002",4.66,4.33,2.66,3.66,6.33,3.66,5.00,1.00,2.00
"49005A",5.33,2.00,2.00,4.33,6.33,4.00,5.00,1.00,4.00
"49005B",4.66,3.66,2.00,4.66,6.33,4.00,5.00,4.00,1.00
"49005C",4.66,3.66,2.00,4.00,6.33,3.66,5.00,1.00,0.00
"49005D",4.66,3.00,2.00,4.00,6.33,3.66,5.00,1.00,0.00
"49005F",4.33,3.66,2.00,4.66,6.33,4.00,5.00,4.00,1.00
"49005G",5.00,3.33,2.00,4.66,6.33,4.00,5.00,1.00,4.00
"49008",4.00,2.66,2.33,4.33,6.33,4.00,5.00,4.00,0.00
"49011",3.66,2.33,2.66,4.33,6.33,3.33,5.00,4.00,0.00
"49014",5.33,2.00,2.00,4.00,6.33,4.33,5.00,1.00,6.00
"49017",4.00,2.00,2.00,3.33,5.00,6.00,6.00,5.00,1.00
"49021",6.00,2.00,2.00,3.00,4.33,4.66,1.00,6.00,5.00
"49023A",4.00,2.00,2.00,3.00,4.33,6.00,6.00,5.00,1.00
"49023B",4.33,2.00,1.66,3.00,4.33,6.66,6.00,1.00,5.00
"49026",2.66,2.00,2.00,4.33,6.33,5.33,5.00,6.00,4.00
"49032A",4.33,2.00,2.66,4.33,6.33,3.33,5.00,4.00,1.00
"49032B",3.00,2.00,6.00,4.00,5.00,2.66,3.00,5.00,4.00
"49999A",3.33,2.66,2.33,4.33,6.33,5.33,5.00,6.00,4.00
"49999B",4.00,2.00,2.66,3.00,5.00,6.00,6.00,5.00,1.00
"49999C",2.66,2.00,3.00,5.33,6.33,4.33,5.00,4.00,6.00
"51002A",3.00,2.33,2.66,4.66,6.66,4.66,5.00,4.00,6.00
"51002B",3.00,2.33,2.33,4.00,6.33,5.00,5.00,6.00,4.00
"53102",3.66,2.33,1.66,3.66,4.66,6.66,6.00,5.00,0.00
"53105",2.66,2.00,1.66,4.33,6.00,6.00,6.00,5.00,4.00
"53108",3.00,2.00,1.66,2.66,4.00,6.66,6.00,5.00,0.00
"53114",3.00,2.66,2.00,3.00,4.66,6.33,6.00,5.00,0.00
"53117",3.00,3.00,2.00,3.33,5.33,6.33,6.00,5.00,0.00
"53121",2.66,2.66,2.00,3.66,5.00,6.66,6.00,5.00,0.00
"53123",2.33,3.00,2.00,4.66,5.00,6.33,6.00,5.00,4.00
"53126",2.33,2.33,2.00,3.66,4.00,6.66,6.00,5.00,4.00
"53128",2.33,2.33,1.66,3.00,4.33,6.66,6.00,5.00,0.00
"53302",2.66,4.66,2.00,4.00,6.66,4.00,5.00,2.00,0.00
"53305",5.33,2.66,2.33,3.66,4.33,6.33,6.00,1.00,5.00
"53311",3.00,3.00,1.66,3.33,4.33,6.66,6.00,5.00,0.00
"53314",2.33,3.00,1.66,3.33,4.00,6.66,6.00,5.00,0.00
"53502",2.33,2.33,2.00,5.66,4.33,5.33,4.00,6.00,5.00
"53505",2.33,3.00,1.66,3.33,4.00,6.66,6.00,5.00,0.00
"53508",2.66,2.66,1.66,3.33,5.00,6.33,6.00,5.00,0.00
"53702",2.33,3.00,2.00,3.66,4.33,6.33,6.00,5.00,0.00
"53705",2.66,3.33,2.00,3.66,4.33,6.66,6.00,5.00,0.00
"53708",2.33,2.66,2.00,3.00,4.33,6.66,6.00,5.00,0.00
"53802",2.66,2.00,2.66,5.00,4.66,5.66,6.00,4.00,5.00
"53805",3.33,2.00,2.00,4.00,4.66,6.33,6.00,5.00,4.00
"53808",2.66,2.00,2.00,4.33,5.33,6.00,6.00,5.00,4.00
"53902",4.33,3.33,2.66,3.66,3.66,6.00,6.00,1.00,0.00
"53905",3.66,2.66,3.00,6.33,2.66,5.33,4.00,6.00,0.00
"53908",2.66,2.00,2.66,3.00,3.66,6.66,6.00,5.00,0.00
"53911",2.33,3.33,3.00,3.00,3.00,6.66,6.00,0.00,0.00
"53914",2.33,2.33,2.00,3.00,4.33,6.66,6.00,5.00,0.00
"55102",2.33,3.66,2.33,3.33,5.00,6.33,6.00,5.00,0.00
"55105",3.00,3.66,2.00,3.66,4.00,6.66,6.00,5.00,0.00
"55108",3.00,2.00,2.33,4.00,4.33,6.66,6.00,5.00,4.00
"55302A",4.00,2.00,1.66,2.66,3.66,6.66,6.00,1.00,5.00
"55302B",3.33,2.00,1.66,2.66,3.33,6.66,6.00,0.00,0.00
"55305",2.33,2.00,2.00,5.00,5.33,6.00,6.00,5.00,4.00
"55307",3.33,2.00,1.66,2.66,3.00,6.66,6.00,1.00,0.00
"55314",2.33,2.66,2.00,4.33,5.33,6.66,6.00,5.00,4.00
"55317",2.66,2.66,1.66,3.00,4.00,6.33,6.00,5.00,0.00
"55321",3.00,2.00,1.66,2.66,3.33,6.66,6.00,5.00,0.00
"55323",2.66,2.00,2.00,3.33,4.66,6.33,6.00,5.00,0.00
"55326",3.00,2.33,1.66,2.33,3.66,6.66,6.00,5.00,0.00
"55328A",3.00,3.33,2.00,2.00,3.66,6.66,6.00,0.00,0.00
"55328B",3.00,3.33,2.00,2.66,2.33,6.66,6.00,0.00,0.00
"55332",2.33,2.66,2.00,4.66,4.33,6.00,6.00,4.00,5.00
"55335",2.66,2.66,2.00,4.33,4.66,6.00,6.00,5.00,4.00
"55338A",2.66,3.00,2.00,2.33,3.66,6.66,6.00,5.00,0.00
"55338B",2.33,3.33,2.00,2.33,4.33,6.66,6.00,5.00,0.00
"55341",3.33,2.66,1.66,2.00,4.00,6.66,6.00,5.00,0.00
"55344",3.33,2.66,1.66,2.00,4.00,6.66,6.00,5.00,0.00
"55347",3.33,2.00,1.66,2.66,3.33,6.66,6.00,0.00,0.00
"56002",4.66,2.00,1.66,2.00,3.00,6.66,6.00,1.00,0.00
"56005",4.33,2.00,2.00,2.33,3.33,6.33,6.00,1.00,0.00
"56008",6.33,2.33,1.66,2.00,2.66,5.66,1.00,6.00,0.00
"56011",5.66,3.00,1.66,2.33,3.00,5.66,6.00,1.00,0.00
"56014",6.33,3.00,1.66,1.66,2.33,5.33,1.00,6.00,0.00
"56017",5.00,2.33,1.66,1.66,2.66,6.66,6.00,1.00,0.00
"56021",5.66,2.33,2.66,2.33,3.00,5.66,6.00,1.00,0.00
"57102",4.66,2.00,1.66,4.00,3.66,5.66,6.00,1.00,4.00
"57105",4.33,2.00,1.66,4.00,3.66,6.00,6.00,1.00,4.00
"57108",4.33,2.00,1.66,4.00,3.66,5.66,6.00,1.00,4.00
"57111",5.33,2.33,1.66,2.66,3.00,5.66,6.00,1.00,0.00
"57302",4.00,2.66,1.66,2.33,2.66,6.00,6.00,1.00,0.00
"57305",5.33,2.00,2.00,3.33,2.66,5.66,6.00,1.00,0.00
"57308",5.33,2.00,1.66,2.66,3.66,6.33,6.00,1.00,0.00
"57311A",6.00,2.00,1.66,3.00,3.33,5.00,1.00,6.00,0.00
"58002",3.66,2.00,2.00,5.66,2.66,5.33,4.00,6.00,1.00
"58005",4.66,2.66,1.66,3.00,3.33,6.00,6.00,1.00,0.00
"58008",3.33,2.66,1.66,3.00,5.00,6.33,6.00,5.00,0.00
"58011",4.33,2.00,1.66,2.66,3.66,6.33,6.00,1.00,5.00
"58014",5.66,2.33,1.66,2.33,3.66,6.33,6.00,1.00,0.00
"58017",4.33,2.00,1.66,2.33,3.00,6.33,6.00,1.00,0.00
"58021",4.66,2.00,1.66,2.33,3.33,6.00,6.00,1.00,0.00
"58023",5.00,2.00,1.66,2.33,3.33,6.33,6.00,1.00,0.00
"58026",3.66,2.33,1.66,2.33,4.00,6.66,6.00,5.00,1.00
"58028",4.66,2.33,1.66,2.33,3.33,6.33,6.00,1.00,0.00
"58099A",4.66,3.66,2.00,2.33,2.66,6.00,6.00,1.00,2.00
"58099B",4.00,2.66,1.66,2.33,3.33,6.33,6.00,1.00,0.00
"61002A",6.00,3.00,2.00,4.00,5.00,2.66,1.00,5.00,4.00
"61002B",6.66,3.00,2.00,4.00,4.66,3.00,1.00,5.00,4.00
"61005",4.00,3.00,2.00,5.00,6.00,3.33,5.00,4.00,1.00
"61008",4.66,2.00,2.00,3.33,6.00,5.00,5.00,6.00,1.00
"61099A",5.00,2.00,3.66,3.33,5.66,3.00,5.00,1.00,0.00
"61099B",4.33,2.00,2.66,3.00,5.66,3.66,5.00,1.00,6.00
"61099C",4.00,2.00,2.66,4.00,6.00,4.00,5.00,6.00,4.00
"61099D",5.33,2.00,2.00,3.66,5.66,4.66,5.00,1.00,6.00
"62031",5.66,2.00,2.00,5.00,3.33,3.66,1.00,4.00,0.00
"62041",3.33,2.00,4.00,6.33,2.33,2.66,4.00,3.00,0.00
"62061",4.66,2.33,3.00,6.66,3.66,3.33,4.00,1.00,0.00
"63002A",5.00,3.00,2.00,4.00,3.33,6.00,6.00,1.00,4.00
"63002B",5.00,5.00,2.66,3.33,4.66,5.00,2.00,1.00,6.00
"63005",6.66,4.00,2.00,2.33,4.00,4.00,1.00,6.00,2.00
"63008A",6.66,3.00,2.00,4.66,3.66,3.00,1.00,4.00,0.00
"63008B",6.66,2.33,2.00,4.66,3.00,2.66,1.00,4.00,0.00
"63011A",3.66,4.00,2.33,5.00,6.00,3.33,5.00,4.00,0.00
"63011B",5.00,3.33,2.00,4.00,3.66,6.00,6.00,1.00,0.00
"63014A",5.00,2.66,2.00,5.00,4.33,4.00,4.00,1.00,5.00
"63014B",6.00,4.00,2.00,3.66,4.33,3.66,1.00,5.00,0.00
"63017",6.00,2.00,2.00,5.00,3.66,3.66,1.00,4.00,0.00
"63021",4.66,2.00,1.66,3.33,3.66,6.00,6.00,1.00,5.00
"63023",3.33,2.00,2.00,6.00,5.00,4.00,4.00,5.00,6.00
"63026",4.00,2.66,2.00,6.00,4.66,3.33,4.00,5.00,1.00
"63028A",3.00,5.00,2.00,4.00,6.00,3.66,5.00,2.00,0.00
"63028B",3.33,3.66,2.00,5.33,5.33,4.33,5.00,4.00,6.00
"63032",4.66,2.66,2.00,5.00,5.00,4.00,4.00,5.00,1.00
"63035",4.33,3.33,2.00,5.33,6.33,3.66,5.00,4.00,1.00
"63038",4.33,2.66,2.00,5.33,6.33,3.33,5.00,4.00,1.00
"63041",6.00,5.00,2.00,4.00,3.66,2.66,1.00,2.00,4.00
"63044",4.66,2.00,2.00,6.33,2.66,4.00,4.00,1.00,6.00
"63047",3.66,2.33,2.00,6.00,5.00,4.00,4.00,5.00,6.00
"63099B",6.00,1.66,2.00,5.33,3.66,3.33,1.00,4.00,0.00
"63099C",5.00,3.00,2.33,6.00,3.66,3.00,4.00,1.00,0.00
"63099D",6.00,2.00,1.66,2.33,4.00,5.33,1.00,6.00,5.00
"65002",4.00,1.66,2.00,5.00,5.66,3.66,5.00,4.00,1.00
"65005",4.00,2.00,2.33,5.00,6.00,3.00,5.00,4.00,1.00
"65008A",4.00,2.00,2.66,6.00,5.00,4.00,4.00,5.00,0.00
"65008B",2.66,3.00,4.33,5.33,6.33,2.33,5.00,4.00,3.00
"65011",5.33,2.00,2.00,5.66,4.00,3.66,4.00,1.00,5.00
"65014",5.33,1.66,1.66,4.33,4.33,3.66,1.00,5.00,4.00
"65017",5.33,2.00,2.00,5.33,4.00,3.66,4.00,1.00,5.00
"65021",6.00,2.00,3.66,2.66,3.66,3.00,1.00,3.00,5.00
"65023",6.33,2.00,2.33,3.00,4.33,3.33,1.00,5.00,0.00
"65026",6.00,2.66,4.33,3.33,5.66,3.66,1.00,5.00,0.00
"65028",6.33,2.33,2.00,4.33,3.66,5.33,1.00,6.00,4.00
"65032",6.33,1.66,2.00,2.66,3.00,3.33,1.00,6.00,0.00
"65035",6.00,1.66,2.33,3.00,4.33,3.66,1.00,5.00,6.00
"65038A",6.33,1.66,2.00,2.33,3.00,3.33,1.00,6.00,0.00
"65038B",6.66,1.66,2.00,2.33,2.33,3.33,1.00,6.00,0.00
"65041",6.33,1.66,2.33,2.66,3.33,3.33,1.00,0.00,0.00
"65099A",6.66,1.66,2.00,2.66,2.33,3.00,1.00,0.00,0.00
"65099B",5.00,1.66,1.66,3.33,3.66,4.33,1.00,6.00,5.00
"66002",5.00,3.00,2.00,6.00,4.00,3.66,4.00,1.00,0.00
"66005",4.00,3.33,2.33,6.00,3.00,5.00,4.00,6.00,0.00
"66008",5.33,2.66,2.33,6.33,4.00,3.00,4.00,1.00,0.00
"66011",4.66,2.00,2.33,6.33,2.33,3.00,4.00,1.00,0.00
"66014",3.66,2.33,2.00,6.00,2.00,3.00,4.00,1.00,0.00
"66017",5.00,3.00,2.33,5.66,2.00,3.33,4.00,1.00,0.00
"66021",4.66,2.66,3.33,6.33,2.00,3.33,4.00,1.00,0.00
"66023",5.33,2.33,2.00,6.33,4.00,2.66,4.00,1.00,5.00
"66097",6.33,3.33,2.33,2.66,2.33,4.33,1.00,6.00,0.00
"66099A",6.33,2.66,2.33,3.33,2.66,3.33,1.00,0.00,0.00
"66099B",5.33,2.00,1.66,5.00,1.66,3.33,1.00,4.00,6.00
"66099D",5.00,3.66,2.00,6.00,3.00,4.00,4.00,1.00,0.00
"67002",6.66,1.66,2.00,3.33,2.33,3.33,1.00,6.00,4.00
"67005",6.66,1.66,1.66,2.33,2.33,3.00,1.00,0.00,0.00
"67008",6.66,2.33,2.00,2.33,3.00,3.66,1.00,6.00,0.00
"67011",6.00,1.66,1.66,3.33,2.00,3.33,1.00,6.00,4.00
"68002",6.00,2.00,2.33,5.00,4.00,2.66,1.00,4.00,5.00
"68005A",3.33,2.00,4.66,4.66,6.00,3.00,5.00,4.00,3.00
"68005B",4.66,2.33,6.33,3.66,3.66,2.66,3.00,1.00,0.00
"68005C",5.66,2.33,3.00,4.33,5.00,3.33,1.00,5.00,4.00
"68008",4.33,2.00,2.66,5.33,5.66,2.66,5.00,4.00,1.00
"68014A",6.00,2.00,2.33,3.66,4.66,5.33,1.00,6.00,5.00
"68014B",3.66,2.00,2.33,3.66,6.33,5.00,5.00,6.00,0.00
"68017A",3.66,2.66,4.33,5.33,6.33,3.00,5.00,4.00,3.00
"68017B",3.33,2.00,3.00,5.66,4.33,3.00,4.00,5.00,0.00
"68021",3.00,2.00,2.33,6.00,4.33,4.66,4.00,6.00,5.00
"68023",5.00,2.00,2.00,4.00,6.00,3.00,5.00,1.00,4.00
"68026",2.66,2.00,4.33,5.00,6.00,3.00,5.00,4.00,3.00
"68028",3.66,2.00,2.33,5.33,5.66,3.00,5.00,4.00,0.00
"68032A",3.66,2.00,2.00,5.33,2.66,4.33,4.00,6.00,1.00
"68032B",5.00,2.00,5.66,4.00,3.33,2.66,3.00,1.00,4.00
"68035",4.66,2.00,2.00,6.00,3.00,2.66,4.00,1.00,0.00
"68038",3.00,2.66,3.66,6.66,2.66,2.66,4.00,3.00,0.00
"68041",4.00,2.33,3.00,6.00,5.00,3.33,4.00,5.00,0.00
"69999A",3.00,2.00,2.00,6.00,4.66,2.66,4.00,5.00,0.00
"69999B",3.00,2.00,2.33,6.00,4.66,2.66,4.00,5.00,0.00
"69999D",3.33,2.00,2.33,5.00,6.00,2.66,5.00,4.00,0.00
"72002A",5.66,3.33,2.00,3.33,5.66,3.66,5.00,1.00,0.00
"72002B",6.00,2.66,2.00,3.00,6.00,3.66,5.00,1.00,0.00
"72002C",6.00,3.00,2.33,4.00,5.00,3.00,1.00,5.00,4.00
"72002D",6.00,3.00,3.00,3.33,5.00,3.66,1.00,5.00,0.00
"72002E",6.00,2.66,3.66,3.33,5.00,3.00,1.00,5.00,0.00
"72002F",6.00,2.33,2.00,3.33,4.66,3.00,1.00,5.00,0.00
"72002G",6.33,2.66,1.66,2.66,5.66,3.66,1.00,5.00,0.00
"73002",6.66,2.00,1.66,2.00,2.66,3.33,1.00,6.00,0.00
"73005",6.66,2.00,1.66,2.00,2.66,3.00,1.00,0.00,0.00
"73011",6.66,2.00,1.66,2.33,2.66,2.66,1.00,0.00,0.00
"73099A",7.00,2.00,1.66,2.00,2.33,2.33,1.00,0.00,0.00
"73099B",6.66,2.00,1.66,1.66,2.33,4.66,1.00,6.00,0.00
"73099C",6.66,2.00,1.66,2.33,3.33,4.00,1.00,6.00,0.00
"73099D",6.00,2.66,1.66,2.66,5.00,5.33,1.00,6.00,5.00
"79002A",6.66,4.00,2.33,2.33,2.66,2.66,1.00,2.00,0.00
"79002B",6.00,2.66,2.00,3.33,3.33,5.00,1.00,6.00,0.00
"79005",6.66,2.66,2.00,2.33,2.66,2.66,1.00,0.00,0.00
"79008",5.33,2.66,2.00,2.00,3.66,5.33,1.00,6.00,5.00
"79011",5.66,2.33,1.66,2.00,3.33,5.00,1.00,6.00,0.00
"79015",5.66,4.66,2.00,2.33,3.66,3.66,1.00,2.00,0.00
"79016",5.00,2.66,2.00,6.00,4.00,2.66,4.00,1.00,5.00
"79017A",6.00,2.33,2.33,3.00,2.33,2.33,1.00,0.00,0.00
"79017B",6.66,2.00,2.00,1.66,2.33,2.66,1.00,0.00,0.00
"79017C",6.33,2.00,3.33,2.66,2.66,2.33,1.00,3.00,0.00
"79017D",6.33,3.33,2.33,2.00,2.33,2.33,1.00,2.00,0.00
"79021",6.66,2.33,1.66,2.00,3.00,3.00,1.00,0.00,0.00
"79030B",6.66,2.33,3.33,1.66,2.33,2.66,1.00,3.00,0.00
"79033",6.66,2.66,3.33,1.66,2.66,2.33,1.00,3.00,0.00
"79036",6.33,2.33,1.66,1.66,2.66,3.00,1.00,0.00,0.00
"79041",6.66,2.66,2.33,1.66,2.33,2.33,1.00,0.00,0.00
"79806",6.00,5.00,3.33,4.33,3.00,3.00,1.00,2.00,4.00
"79855",6.66,2.66,1.66,2.00,3.33,2.33,1.00,5.00,0.00
"79856",6.66,3.00,2.33,2.00,2.66,2.66,1.00,0.00,0.00
"79858",6.66,3.66,2.00,2.00,2.33,4.00,1.00,6.00,2.00
"79999A",6.33,3.33,2.00,1.66,2.66,4.33,1.00,6.00,0.00
"79999B",6.66,2.33,1.66,2.00,2.33,2.66,1.00,0.00,0.00
"79999C",6.33,5.00,2.33,2.66,4.00,3.00,1.00,2.00,5.00
"79999D",6.66,3.00,2.00,3.00,5.33,4.33,1.00,5.00,6.00
"79999E",6.33,2.66,2.00,2.66,5.00,3.33,1.00,5.00,0.00
"79999F",6.66,2.33,2.00,1.66,3.00,3.00,1.00,0.00,0.00
"79999G",6.66,3.66,2.00,1.66,3.00,3.33,1.00,2.00,0.00
"79999H",6.66,2.66,2.33,1.66,2.33,2.66,1.00,0.00,0.00
"79999J",6.66,3.66,2.00,2.00,3.33,2.66,1.00,2.00,0.00
"79999K",5.33,3.33,2.00,3.00,6.33,4.66,5.00,1.00,6.00
"79999L",5.33,3.66,2.00,3.33,6.33,4.66,5.00,1.00,6.00
"79999M",5.33,3.33,2.00,3.33,6.33,4.66,5.00,1.00,6.00
"79999N",6.66,2.00,2.00,2.00,3.00,2.66,1.00,0.00,0.00
"81002",5.66,3.00,1.66,3.00,6.00,5.00,5.00,1.00,6.00
"81005A",6.00,2.66,1.66,3.00,6.00,4.33,5.00,1.00,6.00
"81005B",6.00,2.00,1.66,2.66,6.33,4.00,5.00,1.00,6.00
"81008",5.66,2.33,2.00,3.33,6.33,5.33,5.00,1.00,6.00
"81011",5.66,2.33,2.00,3.33,6.33,5.00,5.00,1.00,6.00
"81017",5.33,2.00,2.00,3.66,6.33,5.33,5.00,6.00,1.00
"83002A",6.00,3.00,2.00,2.00,3.33,5.33,1.00,6.00,0.00
"83002B",6.00,3.33,2.00,1.66,3.33,5.33,1.00,6.00,0.00
"83002C",6.00,3.00,2.00,2.33,2.66,5.00,1.00,6.00,0.00
"83002D",6.00,3.66,2.00,1.66,2.66,5.33,1.00,6.00,2.00
"83005A",5.66,3.00,2.00,1.66,3.00,5.33,1.00,6.00,0.00
"83005B",5.66,2.66,2.00,2.33,3.66,5.33,1.00,6.00,0.00
"83008A",5.66,2.66,2.00,2.00,3.00,5.00,1.00,6.00,0.00
"83008C",6.00,2.66,2.00,2.00,3.00,5.00,1.00,6.00,0.00
"83008D",5.33,2.66,2.00,2.33,3.33,5.66,6.00,1.00,0.00
"85112",6.66,3.00,2.00,1.66,2.66,3.33,1.00,6.00,0.00
"85113",6.66,2.66,2.33,1.66,2.33,3.33,1.00,6.00,0.00
"85116A",6.66,2.66,2.00,1.66,2.33,3.33,1.00,6.00,0.00
"85116B",6.66,3.00,2.00,1.66,2.33,3.00,1.00,0.00,0.00
"85116C",6.66,3.00,2.00,1.66,2.33,2.66,1.00,0.00,0.00
"85118",6.66,3.33,2.00,1.66,2.33,2.66,1.00,2.00,0.00
"85119A",6.66,3.00,2.00,1.66,2.33,2.66,1.00,0.00,0.00
"85119B",6.66,2.66,2.00,1.66,2.33,3.33,1.00,6.00,0.00
"85123A",6.66,4.00,2.00,3.00,3.33,3.00,1.00,2.00,0.00
"85123B",6.66,3.33,2.00,1.66,2.33,3.00,1.00,2.00,0.00
"85126",6.66,2.66,2.00,1.66,2.33,2.66,1.00,0.00,0.00
"85128A",6.66,2.33,2.00,1.66,2.33,3.33,1.00,6.00,0.00
"85128B",6.66,2.00,1.66,1.66,2.33,3.33,1.00,6.00,0.00
"85132",6.66,2.66,1.66,1.66,2.66,3.33,1.00,6.00,0.00
"85302A",6.66,3.33,1.66,1.66,3.00,3.66,1.00,6.00,0.00
"85302B",6.66,3.00,1.66,1.66,2.66,3.66,1.00,6.00,0.00
"85305A",6.33,2.33,1.66,1.66,3.00,3.33,1.00,6.00,0.00
"85305B",6.66,2.33,2.66,1.66,2.66,3.33,1.00,6.00,0.00
"85305C",6.66,2.33,1.66,1.66,2.66,3.00,1.00,0.00,0.00
"85305D",6.00,2.00,2.00,3.00,4.66,4.33,1.00,5.00,6.00
"85308",6.66,2.66,1.66,1.66,2.66,3.00,1.00,0.00,0.00
"85311A",6.66,3.00,1.66,1.66,2.66,3.33,1.00,6.00,0.00
"85311B",6.66,3.00,1.66,1.66,2.66,3.33,1.00,6.00,0.00
"85314",6.66,2.66,1.66,1.66,2.33,3.00,1.00,0.00,0.00
"85317",6.66,2.33,1.66,1.66,2.66,3.33,1.00,6.00,0.00
"85321",6.66,3.00,1.66,1.66,2.66,2.66,1.00,0.00,0.00
"85323A",6.66,3.66,1.66,1.66,2.66,3.33,1.00,2.00,0.00
"85323B",6.66,3.00,1.66,1.66,2.66,3.33,1.00,6.00,0.00
"85326",6.66,3.66,1.66,1.66,2.66,3.33,1.00,2.00,0.00
"85328A",6.66,3.33,1.66,1.66,2.66,2.66,1.00,2.00,0.00
"85328B",6.66,2.66,1.66,1.66,3.00,3.33,1.00,6.00,0.00
"85502",6.66,3.33,1.66,1.66,2.33,3.33,1.00,2.00,6.00
"85505",6.66,2.66,1.66,1.66,2.33,3.33,1.00,6.00,0.00
"85508",6.66,2.66,1.66,1.66,2.33,3.66,1.00,6.00,0.00
"85511",6.66,3.00,1.66,1.66,2.33,3.66,1.00,6.00,0.00
"85514",6.66,3.66,1.66,1.66,2.33,3.66,1.00,6.00,2.00
"85599A",6.66,2.33,1.66,1.66,2.33,3.33,1.00,6.00,0.00
"85599B",6.00,3.33,1.66,2.00,3.33,3.00,1.00,2.00,5.00
"85599C",6.66,3.00,1.66,1.66,2.33,3.00,1.00,0.00,0.00
"85702",6.66,2.66,1.66,1.66,2.33,3.00,1.00,0.00,0.00
"85705",6.66,3.33,1.66,1.66,2.00,4.00,1.00,6.00,2.00
"85708",6.66,3.00,2.00,1.66,2.66,3.33,1.00,6.00,0.00
"85711A",6.66,2.33,1.66,2.00,2.33,3.00,1.00,0.00,0.00
"85711B",6.66,2.33,1.66,2.00,2.66,2.66,1.00,0.00,0.00
"85714A",6.33,2.66,1.66,1.66,2.33,3.33,1.00,6.00,0.00
"85714B",6.33,2.33,1.66,1.66,2.33,3.00,1.00,6.00,0.00
"85714C",6.66,2.33,1.66,1.66,2.33,2.66,1.00,0.00,0.00
"85714D",6.66,2.33,1.66,1.66,2.33,2.66,1.00,0.00,0.00
"85717A",6.66,3.66,1.66,1.66,2.33,3.33,1.00,2.00,6.00
"85717B",6.66,2.66,1.66,1.66,2.33,4.00,1.00,6.00,0.00
"85721",6.66,3.33,1.66,1.66,2.33,3.33,1.00,2.00,6.00
"85723",6.66,2.66,1.66,1.66,2.00,3.33,1.00,6.00,0.00
"85726",6.66,2.33,1.66,1.66,2.33,3.33,1.00,6.00,0.00
"85728A",6.66,3.66,1.66,1.66,2.00,3.66,1.00,2.00,6.00
"85728B",6.66,3.00,1.66,1.66,2.33,3.33,1.00,6.00,0.00
"85902A",6.66,2.33,1.66,1.66,2.33,3.66,1.00,6.00,0.00
"85902B",6.66,2.33,1.66,1.66,2.33,3.66,1.00,6.00,0.00
"85905",6.66,3.66,2.00,1.66,2.33,3.33,1.00,2.00,0.00
"85908",6.66,3.66,2.00,1.66,2.33,2.66,1.00,2.00,0.00
"85911",6.66,2.33,1.66,1.66,2.33,2.66,1.00,0.00,0.00
"85914",6.66,2.66,2.33,1.66,2.33,3.00,1.00,0.00,0.00
"85917",6.66,2.66,2.00,1.66,2.66,3.66,1.00,6.00,0.00
"85921A",6.66,2.66,4.00,2.00,2.33,3.33,1.00,3.00,0.00
"85921B",6.66,2.66,4.00,2.00,2.33,3.33,1.00,3.00,0.00
"85921C",6.66,2.66,4.00,2.00,2.33,2.66,1.00,3.00,0.00
"85921D",6.33,2.66,4.00,2.00,2.33,2.33,1.00,3.00,0.00
"85923",6.33,2.66,1.66,1.66,2.66,3.33,1.00,6.00,0.00
"85926",6.66,2.33,1.66,1.66,2.33,4.00,1.00,6.00,0.00
"85928A",6.66,2.33,1.66,1.66,2.33,3.33,1.00,6.00,0.00
"85928B",6.66,2.33,1.66,1.66,2.33,3.33,1.00,6.00,0.00
"85928C",6.66,2.33,1.66,1.66,2.33,2.66,1.00,0.00,0.00
"85928D",6.33,2.00,1.66,1.66,2.33,3.33,1.00,6.00,0.00
"85932",6.66,2.33,1.66,1.66,2.33,3.00,1.00,0.00,0.00
"85935",6.33,2.66,1.66,2.33,4.00,3.33,1.00,5.00,0.00
"85938",6.66,2.33,1.66,2.00,2.66,2.33,1.00,0.00,0.00
"85944",6.66,2.33,1.66,1.66,2.66,2.66,1.00,0.00,0.00
"85947",6.66,2.33,1.66,1.66,2.33,2.66,1.00,0.00,0.00
"85951",6.66,2.00,1.66,1.66,2.33,3.00,1.00,6.00,0.00
"85953",6.66,2.00,1.66,1.66,2.33,2.66,1.00,0.00,0.00
"85956A",6.66,2.00,1.66,1.66,2.33,3.00,1.00,6.00,0.00
"85956C",6.33,2.00,2.00,1.66,2.33,3.00,1.00,6.00,0.00
"85998",6.33,2.33,1.66,1.66,2.33,3.00,1.00,6.00,0.00
"85999A",6.66,2.33,1.66,1.66,2.33,3.00,1.00,0.00,0.00
"85999B",6.66,2.33,1.66,1.66,2.33,3.66,1.00,6.00,0.00
"85999C",6.66,2.00,1.66,1.66,2.33,3.33,1.00,6.00,0.00
"85999D",6.66,2.33,1.66,1.66,2.66,3.00,1.00,0.00,0.00
"85999E",6.66,2.33,1.66,1.66,2.33,2.66,1.00,0.00,0.00
"85999F",6.66,2.66,1.66,1.66,2.33,2.33,1.00,0.00,0.00
"87102A",6.66,2.33,1.66,1.66,3.00,3.00,1.00,0.00,0.00
"87102B",6.66,2.00,1.66,1.66,2.66,3.33,1.00,6.00,0.00
"87102C",6.66,2.00,1.66,1.66,2.66,2.66,1.00,0.00,0.00
"87102D",6.66,2.00,1.66,1.66,2.33,3.00,1.00,6.00,0.00
"87102E",6.66,2.66,1.66,1.66,2.66,4.00,1.00,6.00,0.00
"87102F",6.66,2.00,1.66,1.66,2.66,3.00,1.00,0.00,0.00
"87105",6.66,2.00,1.66,2.00,2.66,2.33,1.00,0.00,0.00
"87108",6.66,2.00,1.66,1.66,2.66,3.00,1.00,0.00,0.00
"87111",6.66,2.00,1.66,1.66,2.66,2.66,1.00,0.00,0.00
"87114",6.66,2.00,1.66,1.66,2.66,2.66,1.00,0.00,0.00
"87121",6.66,2.00,1.66,1.66,2.66,2.66,1.00,0.00,0.00
"87202A",6.66,3.66,1.66,1.66,2.66,3.33,1.00,2.00,0.00
"87202C",6.66,3.00,1.66,2.66,2.66,3.33,1.00,0.00,0.00
"87302",6.66,2.00,2.00,1.66,2.66,2.33,1.00,0.00,0.00
"87305B",6.66,2.00,2.00,1.66,2.66,2.33,1.00,0.00,0.00
"87308",6.66,2.00,1.66,1.66,2.66,3.33,1.00,6.00,0.00
"87311",6.66,2.00,2.00,1.66,2.66,3.00,1.00,0.00,0.00
"87314",6.66,2.00,1.66,1.66,2.66,3.33,1.00,6.00,0.00
"87317",6.66,2.00,1.66,1.66,2.66,3.33,1.00,6.00,0.00
"87402A",6.66,2.00,2.00,1.66,2.66,2.66,1.00,0.00,0.00
"87402B",6.66,2.00,1.66,1.66,2.66,3.00,1.00,0.00,0.00
"87502A",6.66,2.00,1.66,1.66,2.66,2.66,1.00,0.00,0.00
"87502B",6.66,2.33,1.66,1.66,3.00,2.66,1.00,0.00,0.00
"87505",6.66,2.00,1.66,1.66,2.33,2.66,1.00,0.00,0.00
"87508",6.66,2.00,1.66,1.66,2.33,3.00,1.00,6.00,0.00
"87511",6.66,2.00,1.66,1.66,2.33,2.66,1.00,0.00,0.00
"87602",6.66,2.00,1.66,1.66,2.66,2.66,1.00,0.00,0.00
"87605",6.66,2.00,1.66,1.66,2.66,2.66,1.00,0.00,0.00
"87608",6.66,2.00,1.66,1.66,2.66,2.66,1.00,0.00,0.00
"87702",6.66,2.00,1.66,1.66,2.33,2.33,1.00,0.00,0.00
"87705",6.66,2.00,1.66,1.66,2.33,2.66,1.00,0.00,0.00
"87708",6.66,2.00,1.66,1.66,2.33,2.66,1.00,0.00,0.00
"87711",6.66,2.00,1.66,1.66,2.66,2.66,1.00,0.00,0.00
"87714A",6.66,2.00,1.66,1.66,2.66,2.66,1.00,0.00,0.00
"87714B",6.66,2.00,1.66,1.66,2.66,2.66,1.00,0.00,0.00
"87714C",6.66,2.00,1.66,1.66,2.33,2.66,1.00,0.00,0.00
"87802",6.66,2.00,1.66,1.66,2.33,2.66,1.00,0.00,0.00
"87808",6.66,2.00,2.00,1.66,2.33,2.66,1.00,0.00,0.00
"87811",6.66,2.00,2.00,1.66,2.33,3.00,1.00,0.00,0.00
"87814",6.66,2.00,1.66,1.66,2.33,2.66,1.00,0.00,0.00
"87817",6.66,2.00,1.66,1.66,2.33,2.66,1.00,0.00,0.00
"87899A",6.66,2.33,1.66,1.66,2.33,2.66,1.00,0.00,0.00
"87899B",6.33,2.00,1.66,2.00,2.66,3.00,1.00,0.00,0.00
"87899C",6.66,2.00,1.66,2.00,3.00,3.00,1.00,0.00,0.00
"87899D",6.66,2.00,1.66,1.66,2.33,3.33,1.00,6.00,0.00
"87899E",6.66,2.00,1.66,1.66,2.33,2.66,1.00,0.00,0.00
"87899F",6.66,2.33,1.66,1.66,2.33,3.00,1.00,0.00,0.00
"87899G",6.66,2.00,1.66,1.66,2.33,2.66,1.00,0.00,0.00
"87899H",6.66,2.00,1.66,1.66,2.33,2.66,1.00,0.00,0.00
"87899J",6.66,2.00,1.66,1.66,2.33,2.66,1.00,0.00,0.00
"87899K",6.66,2.00,2.00,1.66,2.33,2.66,1.00,0.00,0.00
"87899L",6.66,2.00,1.66,1.66,2.33,2.66,1.00,0.00,0.00
"87902A",6.66,2.00,1.66,1.66,2.33,2.66,1.00,0.00,0.00
"87902B",6.66,2.33,1.66,1.66,2.33,2.66,1.00,0.00,0.00
"87905",6.66,2.33,1.66,1.66,2.33,3.33,1.00,6.00,0.00
"87908",6.66,2.00,1.66,1.66,2.33,2.66,1.00,0.00,0.00
"87911",6.66,2.33,1.66,1.66,2.33,3.33,1.00,6.00,0.00
"87914",6.66,2.00,1.66,1.66,2.33,2.66,1.00,0.00,0.00
"87917",6.66,2.00,1.66,1.66,2.33,2.66,1.00,0.00,0.00
"87921",6.66,2.00,1.66,1.66,2.33,2.66,1.00,0.00,0.00
"87923",6.66,2.00,1.66,1.66,2.33,3.33,1.00,6.00,0.00
"87941",6.66,2.00,1.66,1.66,2.33,3.33,1.00,6.00,0.00
"87943",6.66,2.00,1.66,1.66,2.33,3.00,1.00,6.00,0.00
"87949A",6.33,2.00,1.66,1.66,2.33,3.33,1.00,6.00,0.00
"87949B",6.66,2.00,1.66,1.66,2.33,2.66,1.00,0.00,0.00
"87989A",6.66,2.00,1.66,1.66,2.33,3.33,1.00,6.00,0.00
"89102",6.66,3.00,1.66,1.66,2.33,3.66,1.00,6.00,0.00
"89105",6.66,4.00,1.66,1.66,2.33,3.66,1.00,2.00,6.00
"89108",6.66,4.00,1.66,1.66,2.33,3.66,1.00,2.00,6.00
"89111",6.66,2.00,1.66,1.66,2.33,3.33,1.00,6.00,0.00
"89114A",6.66,3.33,1.66,1.66,2.33,3.66,1.00,6.00,2.00
"89114B",6.66,2.33,1.66,1.66,2.33,3.33,1.00,6.00,0.00
"89117",6.33,2.33,1.66,1.66,2.33,4.00,1.00,6.00,0.00
"89121",6.66,2.00,1.66,1.66,2.33,3.66,1.00,6.00,0.00
"89123A",6.33,2.33,3.33,2.66,5.00,4.66,1.00,5.00,6.00
"89123B",6.33,2.33,3.00,1.66,2.33,3.33,1.00,6.00,0.00
"89126C",6.33,2.33,2.66,1.66,2.33,2.66,1.00,0.00,0.00
"89126E",6.33,2.00,2.66,3.00,3.66,5.33,1.00,6.00,0.00
"89126K",6.33,2.33,2.66,1.66,2.33,2.66,1.00,0.00,0.00
"89128",6.33,2.33,3.00,1.66,2.33,3.00,1.00,0.00,0.00
"89132",6.66,2.33,1.66,1.66,2.33,2.66,1.00,0.00,0.00
"89135",6.66,2.33,1.66,1.66,2.33,2.66,1.00,0.00,0.00
"89302A",6.66,2.33,2.00,1.66,2.33,3.33,1.00,6.00,0.00
"89302C",6.66,2.00,1.66,1.66,2.33,3.00,1.00,6.00,0.00
"89305",6.33,2.00,1.66,1.66,2.33,3.66,1.00,6.00,0.00
"89308",6.66,2.00,2.00,1.66,2.33,3.33,1.00,6.00,0.00
"89311",6.66,2.33,3.00,1.66,2.33,2.66,1.00,0.00,0.00
"89314",6.33,2.33,3.00,1.66,2.66,2.66,1.00,0.00,0.00
"89397A",6.33,2.33,3.00,1.66,2.00,3.00,1.00,0.00,0.00
"89397B",6.66,2.33,3.00,1.66,2.00,3.00,1.00,0.00,0.00
"89398",6.66,2.00,2.00,1.66,2.00,3.66,1.00,6.00,0.00
"89502A",6.33,2.00,2.00,1.66,2.33,4.33,1.00,6.00,0.00
"89502B",6.33,2.00,3.00,1.66,2.33,3.66,1.00,6.00,0.00
"89502D",6.33,2.00,2.33,1.66,2.33,3.66,1.00,6.00,0.00
"89505A",6.00,2.00,3.00,2.00,2.66,3.33,1.00,6.00,0.00
"89505B",6.00,2.33,4.00,2.00,3.00,3.00,1.00,3.00,0.00
"89508",6.33,2.33,2.33,1.66,2.33,3.00,1.00,0.00,0.00
"89511",6.66,2.00,3.66,1.66,2.66,3.00,1.00,3.00,0.00
"89514",6.00,2.33,1.66,1.66,2.33,3.33,1.00,6.00,0.00
"89517",5.66,2.33,1.66,1.66,2.33,3.33,1.00,6.00,0.00
"89521",5.66,3.33,2.33,1.66,2.33,3.33,1.00,2.00,6.00
"89599A",6.33,2.00,2.33,1.66,2.33,3.33,1.00,6.00,0.00
"89599B",6.33,2.33,4.00,1.66,2.66,3.00,1.00,3.00,0.00
"89599C",6.33,2.00,2.00,1.66,2.33,3.66,1.00,6.00,0.00
"89599D",6.66,2.66,2.66,2.33,3.00,3.00,1.00,0.00,0.00
"89599E",6.33,2.00,2.00,1.66,2.33,3.00,1.00,6.00,0.00
"89702",6.33,2.33,2.66,2.33,3.33,5.33,1.00,6.00,0.00
"89705",6.00,2.33,2.00,1.66,2.66,5.00,1.00,6.00,0.00
"89706",6.00,2.00,2.00,1.66,2.33,4.33,1.00,6.00,0.00
"89707",6.33,2.33,4.00,1.66,2.33,3.33,1.00,3.00,0.00
"89712",6.33,2.00,3.33,1.66,2.33,2.66,1.00,3.00,0.00
"89713",6.33,3.33,5.00,2.33,2.66,3.66,1.00,3.00,0.00
"89715",6.33,2.33,2.33,1.66,2.33,3.66,1.00,6.00,0.00
"89717",6.33,2.00,2.33,1.66,2.33,3.33,1.00,6.00,0.00
"89718",6.33,2.00,2.00,1.66,2.33,3.00,1.00,6.00,0.00
"89719A",5.66,2.00,2.33,1.66,2.33,3.33,1.00,6.00,0.00
"89719B",5.66,2.33,2.00,1.66,2.33,3.66,1.00,6.00,0.00
"89721",6.33,2.33,3.66,1.66,2.33,3.33,1.00,3.00,0.00
"89799A",6.33,2.00,2.66,1.66,2.33,4.00,1.00,6.00,0.00
"89799B",6.33,2.00,2.00,1.66,2.33,3.00,1.00,6.00,0.00
"89802",6.66,2.00,2.00,1.66,2.33,2.33,1.00,0.00,0.00
"89805",6.66,2.33,2.00,1.66,2.33,3.00,1.00,0.00,0.00
"89808",6.66,2.33,3.00,1.66,2.33,2.66,1.00,0.00,0.00
"89902",6.66,2.66,2.00,1.66,2.33,3.33,1.00,6.00,0.00
"89905A",6.66,2.33,2.00,1.66,2.33,3.66,1.00,6.00,0.00
"89905B",6.66,2.33,2.00,1.66,2.33,3.66,1.00,6.00,0.00
"89905C",6.33,2.33,5.00,2.00,2.33,3.33,1.00,3.00,0.00
"89905D",6.66,2.00,3.00,1.66,2.33,3.33,1.00,6.00,0.00
"89905F",6.66,2.00,4.00,1.66,2.33,2.33,1.00,3.00,0.00
"89908A",6.33,3.00,3.33,1.66,2.33,3.66,1.00,6.00,0.00
"89908B",6.33,2.00,2.33,1.66,2.33,3.66,1.00,6.00,0.00
"89908C",6.33,2.00,2.33,1.66,2.33,3.33,1.00,6.00,0.00
"89908D",6.00,2.33,5.00,3.00,2.66,4.00,1.00,3.00,6.00
"89911A",5.00,2.00,6.00,2.66,3.00,4.00,3.00,1.00,6.00
"89911B",6.33,2.00,3.66,1.66,2.33,3.00,1.00,3.00,0.00
"89911C",6.33,2.00,4.00,1.66,2.33,3.33,1.00,3.00,0.00
"89911D",6.33,2.00,4.66,1.66,2.33,2.66,1.00,3.00,0.00
"89911E",6.00,2.00,4.00,2.33,2.33,5.00,1.00,6.00,3.00
"89911G",6.33,2.00,3.33,1.66,2.33,2.66,1.00,3.00,0.00
"89914A",5.00,3.33,6.00,2.66,2.66,3.00,3.00,1.00,0.00
"89914B",5.66,2.00,2.33,1.66,2.33,3.33,1.00,6.00,0.00
"89914C",6.00,2.66,3.33,1.66,2.33,3.00,1.00,3.00,0.00
"89914D",5.66,3.00,2.66,1.66,2.33,3.00,1.00,0.00,0.00
"89917A",6.00,2.66,2.33,1.66,2.33,3.33,1.00,6.00,0.00
"89917D",6.00,3.00,2.00,1.66,2.33,3.66,1.00,6.00,0.00
"89921",6.66,4.33,2.00,2.00,2.33,3.66,1.00,2.00,6.00
"89923",6.66,4.33,2.33,2.66,2.66,3.66,1.00,2.00,0.00
"89926A",6.66,3.00,3.00,1.66,2.33,3.33,1.00,0.00,0.00
"89999A",6.33,2.33,3.33,1.66,2.33,3.33,1.00,6.00,3.00
"89999B",6.33,2.00,3.33,1.66,2.33,3.00,1.00,3.00,0.00
"91102",6.66,2.33,2.00,1.66,2.00,3.33,1.00,6.00,0.00
"91105",6.66,2.33,1.66,1.66,2.00,3.33,1.00,6.00,0.00
"91108",6.66,2.00,1.66,1.66,2.00,3.33,1.00,6.00,0.00
"91111",6.66,2.00,1.66,1.66,2.00,3.33,1.00,6.00,0.00
"91114A",6.66,2.00,1.66,1.66,2.00,3.00,1.00,6.00,0.00
"91114B",6.66,2.00,1.66,1.66,2.00,3.00,1.00,6.00,0.00
"91117",6.66,2.00,1.66,1.66,2.00,3.33,1.00,6.00,0.00
"91302",6.33,2.00,1.66,1.66,2.00,3.33,1.00,6.00,0.00
"91305",6.33,2.00,1.66,1.66,2.00,3.66,1.00,6.00,0.00
"91308",6.66,2.00,1.66,1.66,2.00,3.00,1.00,6.00,0.00
"91311",6.66,2.00,1.66,1.66,2.00,3.00,1.00,6.00,0.00
"91314",6.66,2.00,1.66,1.66,2.00,3.00,1.00,6.00,0.00
"91317",6.66,2.00,1.66,1.66,2.00,3.00,1.00,6.00,0.00
"91321",6.66,2.00,1.66,1.66,2.00,3.66,1.00,6.00,0.00
"91502",6.66,2.00,1.66,1.66,2.00,3.33,1.00,6.00,0.00
"91505",6.66,2.00,1.66,1.66,2.00,3.00,1.00,6.00,0.00
"91508",6.66,2.00,1.66,1.66,2.00,3.33,1.00,6.00,0.00
"91702",6.66,2.00,1.66,1.66,2.00,3.66,1.00,6.00,0.00
"91705",6.66,2.33,1.66,1.66,2.00,3.33,1.00,6.00,0.00
"91708",6.66,2.00,1.66,1.66,2.00,3.66,1.00,6.00,0.00
"91711",6.66,2.00,1.66,1.66,2.00,3.66,1.00,6.00,0.00
"91714",6.66,2.00,1.66,1.66,2.00,3.33,1.00,6.00,0.00
"91902",6.66,2.00,1.66,1.66,2.00,3.00,1.00,6.00,0.00
"91905",6.66,2.00,1.66,1.66,2.00,3.00,1.00,6.00,0.00
"91908",6.66,2.00,1.66,1.66,2.00,3.00,1.00,6.00,0.00
"91911",6.33,2.00,1.66,1.66,2.00,3.33,1.00,6.00,0.00
"91914",6.33,2.00,1.66,1.66,2.00,3.00,1.00,6.00,0.00
"91917",6.66,2.00,1.66,1.66,2.00,3.00,1.00,6.00,0.00
"91921",6.66,2.00,1.66,1.66,2.00,3.33,1.00,6.00,0.00
"91923",6.66,2.00,1.66,1.66,2.00,3.00,1.00,6.00,0.00
"91926",6.66,2.00,1.66,1.66,2.00,3.33,1.00,6.00,0.00
"91928",6.66,2.00,1.66,1.66,2.00,3.33,1.00,6.00,0.00
"91932",6.66,2.00,1.66,1.66,2.00,3.33,1.00,6.00,0.00
"91935",6.66,2.00,1.66,1.66,2.00,3.33,1.00,6.00,0.00
"91938",6.66,2.00,1.66,1.66,2.00,3.33,1.00,6.00,0.00
"92302",6.66,2.33,1.66,1.66,2.00,3.66,1.00,6.00,0.00
"92305",6.66,2.00,1.66,1.66,2.00,2.66,1.00,0.00,0.00
"92308",6.66,2.00,2.00,1.66,2.00,3.00,1.00,6.00,0.00
"92311",6.66,2.33,2.00,1.66,2.00,3.00,1.00,0.00,0.00
"92314",6.66,2.33,2.00,1.66,2.00,3.33,1.00,6.00,0.00
"92512",6.33,2.00,2.00,1.66,2.00,3.33,1.00,6.00,0.00
"92515",6.33,2.00,2.00,1.66,2.00,3.33,1.00,6.00,0.00
"92522A",6.33,2.33,2.33,1.66,2.00,3.00,1.00,0.00,0.00
"92522B",6.33,2.00,2.00,1.66,2.00,3.33,1.00,6.00,0.00
"92524",6.33,2.00,2.00,1.66,2.00,3.33,1.00,6.00,0.00
"92525",6.33,2.00,2.00,1.66,2.00,3.33,1.00,6.00,0.00
"92529A",6.33,2.00,2.00,1.66,2.00,3.00,1.00,6.00,0.00
"92529B",6.33,2.00,2.00,1.66,2.00,3.33,1.00,6.00,0.00
"92529C",6.33,2.00,2.00,1.66,2.00,3.00,1.00,6.00,0.00
"92529D",6.33,2.00,2.00,1.66,2.00,3.33,1.00,6.00,0.00
"92541",6.33,2.33,1.66,1.66,2.00,4.33,1.00,6.00,0.00
"92543",6.33,2.00,2.00,1.66,2.00,3.66,1.00,6.00,0.00
"92545",6.33,2.00,2.33,1.66,2.00,3.33,1.00,6.00,0.00
"92546",6.33,2.33,2.00,1.66,2.00,3.66,1.00,6.00,0.00
"92702",6.33,2.00,2.00,1.66,2.00,3.33,1.00,6.00,0.00
"92705",6.33,2.00,2.00,1.66,2.00,3.33,1.00,6.00,0.00
"92708",6.33,2.66,2.00,1.66,2.00,3.33,1.00,6.00,0.00
"92711",6.33,2.00,2.00,1.66,2.00,3.33,1.00,6.00,0.00
"92714",6.33,2.00,2.00,1.66,2.00,3.33,1.00,6.00,0.00
"92717",6.33,2.00,2.00,1.66,2.00,3.33,1.00,6.00,0.00
"92721",6.33,2.00,1.66,1.66,2.00,3.66,1.00,6.00,0.00
"92723",6.33,2.00,1.66,1.66,2.00,3.33,1.00,6.00,0.00
"92726",6.33,2.00,1.66,1.66,2.00,3.33,1.00,6.00,0.00
"92728",6.33,2.00,1.66,1.66,2.00,3.33,1.00,6.00,0.00
"92902A",6.33,2.33,1.66,1.66,2.00,3.33,1.00,6.00,0.00
"92902B",6.33,2.00,1.66,1.66,2.00,3.33,1.00,6.00,0.00
"92902C",6.33,5.33,2.00,2.00,2.33,3.00,1.00,2.00,0.00
"92902D",6.66,2.33,1.66,1.66,2.00,3.33,1.00,6.00,0.00
"92902E",6.33,2.33,1.66,1.66,2.00,3.66,1.00,6.00,0.00
"92902G",6.33,2.00,1.66,1.66,2.00,3.33,1.00,6.00,0.00
"92905",6.00,2.00,2.00,1.66,2.00,3.66,1.00,6.00,0.00
"92908",6.00,2.33,2.00,1.66,2.00,3.33,1.00,6.00,0.00
"92911",6.66,2.00,1.66,1.66,2.00,3.00,1.00,6.00,0.00
"92914",6.66,2.00,1.66,1.66,2.00,3.00,1.00,6.00,0.00
